971
1 1 1    1.00000000E+00
1 2 2    1.00000000E+00
1 3 3    1.00000000E+00
1 4 4    1.00000000E+00
1 5 5    1.00000000E+00
1 6 6    1.00000000E+00
1 7 7    1.00000000E+00
1 8 8    1.00000000E+00
1 9 9    1.00000000E+00
1 10 10    1.00000000E+00
1 11 11    1.00000000E+00
1 12 12    1.00000000E+00
1 13 13    1.00000000E+00
1 14 14    1.00000000E+00
1 15 15    1.00000000E+00
1 16 16    1.00000000E+00
1 17 17    1.00000000E+00
1 18 18    1.00000000E+00
1 19 19    1.00000000E+00
1 20 20    1.00000000E+00
1 21 21    1.00000000E+00
1 22 22    1.00000000E+00
1 23 23    1.00000000E+00
1 24 24    1.00000000E+00
1 25 25    1.00000000E+00
1 26 26    1.00000000E+00
1 27 27    1.00000000E+00
1 28 28    1.00000000E+00
1 29 29    1.00000000E+00
1 30 30    1.00000000E+00
1 31 31    1.00000000E+00
1 32 32    1.00000000E+00
1 33 33    1.00000000E+00
1 34 34    1.00000000E+00
1 35 35    1.00000000E+00
1 36 36    1.00000000E+00
1 37 37    1.00000000E+00
1 38 38    1.00000000E+00
1 39 39    1.00000000E+00
1 40 40    1.00000000E+00
1 41 41    1.00000000E+00
1 42 42    1.00000000E+00
1 43 43    1.00000000E+00
1 44 44    1.00000000E+00
1 45 45    1.00000000E+00
1 46 46    1.00000000E+00
1 47 47    1.00000000E+00
1 48 48    1.00000000E+00
1 49 49    1.00000000E+00
1 50 50    1.00000000E+00
1 51 51    1.00000000E+00
1 52 52    1.00000000E+00
1 53 53    1.00000000E+00
1 54 54    1.00000000E+00
1 55 55    1.00000000E+00
1 56 56    1.00000000E+00
2 1 2    1.00000000E+00
2 2 1    1.00000000E+00
2 2 7    1.41421356E+00
2 3 8    1.00000000E+00
2 4 9    1.00000000E+00
2 5 10    1.00000000E+00
2 6 11    1.00000000E+00
2 7 2    1.41421356E+00
2 7 22    1.73205081E+00
2 8 3    1.00000000E+00
2 8 23    1.41421356E+00
2 9 4    1.00000000E+00
2 9 24    1.41421356E+00
2 10 5    1.00000000E+00
2 10 25    1.41421356E+00
2 11 6    1.00000000E+00
2 11 26    1.41421356E+00
2 12 27    1.00000000E+00
2 13 28    1.00000000E+00
2 14 29    1.00000000E+00
2 15 30    1.00000000E+00
2 16 31    1.00000000E+00
2 17 32    1.00000000E+00
2 18 33    1.00000000E+00
2 19 34    1.00000000E+00
2 20 35    1.00000000E+00
2 21 36    1.00000000E+00
2 22 7    1.73205081E+00
2 23 8    1.41421356E+00
2 24 9    1.41421356E+00
2 25 10    1.41421356E+00
2 26 11    1.41421356E+00
2 27 12    1.00000000E+00
2 28 13    1.00000000E+00
2 29 14    1.00000000E+00
2 30 15    1.00000000E+00
2 31 16    1.00000000E+00
2 32 17    1.00000000E+00
2 33 18    1.00000000E+00
2 34 19    1.00000000E+00
2 35 20    1.00000000E+00
2 36 21    1.00000000E+00
3 1 3    1.00000000E+00
3 2 8    1.00000000E+00
3 3 1    1.00000000E+00
3 3 12    1.41421356E+00
3 4 13    1.00000000E+00
3 5 14    1.00000000E+00
3 6 15    1.00000000E+00
3 7 23    1.00000000E+00
3 8 2    1.00000000E+00
3 8 27    1.41421356E+00
3 9 28    1.00000000E+00
3 10 29    1.00000000E+00
3 11 30    1.00000000E+00
3 12 3    1.41421356E+00
3 12 37    1.73205081E+00
3 13 4    1.00000000E+00
3 13 38    1.41421356E+00
3 14 5    1.00000000E+00
3 14 39    1.41421356E+00
3 15 6    1.00000000E+00
3 15 40    1.41421356E+00
3 16 41    1.00000000E+00
3 17 42    1.00000000E+00
3 18 43    1.00000000E+00
3 19 44    1.00000000E+00
3 20 45    1.00000000E+00
3 21 46    1.00000000E+00
3 23 7    1.00000000E+00
3 27 8    1.41421356E+00
3 28 9    1.00000000E+00
3 29 10    1.00000000E+00
3 30 11    1.00000000E+00
3 37 12    1.73205081E+00
3 38 13    1.41421356E+00
3 39 14    1.41421356E+00
3 40 15    1.41421356E+00
3 41 16    1.00000000E+00
3 42 17    1.00000000E+00
3 43 18    1.00000000E+00
3 44 19    1.00000000E+00
3 45 20    1.00000000E+00
3 46 21    1.00000000E+00
4 1 4    1.00000000E+00
4 2 9    1.00000000E+00
4 3 13    1.00000000E+00
4 4 1    1.00000000E+00
4 4 16    1.41421356E+00
4 5 17    1.00000000E+00
4 6 18    1.00000000E+00
4 7 24    1.00000000E+00
4 8 28    1.00000000E+00
4 9 2    1.00000000E+00
4 9 31    1.41421356E+00
4 10 32    1.00000000E+00
4 11 33    1.00000000E+00
4 12 38    1.00000000E+00
4 13 3    1.00000000E+00
4 13 41    1.41421356E+00
4 14 42    1.00000000E+00
4 15 43    1.00000000E+00
4 16 4    1.41421356E+00
4 16 47    1.73205081E+00
4 17 5    1.00000000E+00
4 17 48    1.41421356E+00
4 18 6    1.00000000E+00
4 18 49    1.41421356E+00
4 19 50    1.00000000E+00
4 20 51    1.00000000E+00
4 21 52    1.00000000E+00
4 24 7    1.00000000E+00
4 28 8    1.00000000E+00
4 31 9    1.41421356E+00
4 32 10    1.00000000E+00
4 33 11    1.00000000E+00
4 38 12    1.00000000E+00
4 41 13    1.41421356E+00
4 42 14    1.00000000E+00
4 43 15    1.00000000E+00
4 47 16    1.73205081E+00
4 48 17    1.41421356E+00
4 49 18    1.41421356E+00
4 50 19    1.00000000E+00
4 51 20    1.00000000E+00
4 52 21    1.00000000E+00
5 1 5    1.00000000E+00
5 2 10    1.00000000E+00
5 3 14    1.00000000E+00
5 4 17    1.00000000E+00
5 5 1    1.00000000E+00
5 5 19    1.41421356E+00
5 6 20    1.00000000E+00
5 7 25    1.00000000E+00
5 8 29    1.00000000E+00
5 9 32    1.00000000E+00
5 10 2    1.00000000E+00
5 10 34    1.41421356E+00
5 11 35    1.00000000E+00
5 12 39    1.00000000E+00
5 13 42    1.00000000E+00
5 14 3    1.00000000E+00
5 14 44    1.41421356E+00
5 15 45    1.00000000E+00
5 16 48    1.00000000E+00
5 17 4    1.00000000E+00
5 17 50    1.41421356E+00
5 18 51    1.00000000E+00
5 19 5    1.41421356E+00
5 19 53    1.73205081E+00
5 20 6    1.00000000E+00
5 20 54    1.41421356E+00
5 21 55    1.00000000E+00
5 25 7    1.00000000E+00
5 29 8    1.00000000E+00
5 32 9    1.00000000E+00
5 34 10    1.41421356E+00
5 35 11    1.00000000E+00
5 39 12    1.00000000E+00
5 42 13    1.00000000E+00
5 44 14    1.41421356E+00
5 45 15    1.00000000E+00
5 48 16    1.00000000E+00
5 50 17    1.41421356E+00
5 51 18    1.00000000E+00
5 53 19    1.73205081E+00
5 54 20    1.41421356E+00
5 55 21    1.00000000E+00
6 1 6    1.00000000E+00
6 2 11    1.00000000E+00
6 3 15    1.00000000E+00
6 4 18    1.00000000E+00
6 5 20    1.00000000E+00
6 6 1    1.00000000E+00
6 6 21    1.41421356E+00
6 7 26    1.00000000E+00
6 8 30    1.00000000E+00
6 9 33    1.00000000E+00
6 10 35    1.00000000E+00
6 11 2    1.00000000E+00
6 11 36    1.41421356E+00
6 12 40    1.00000000E+00
6 13 43    1.00000000E+00
6 14 45    1.00000000E+00
6 15 3    1.00000000E+00
6 15 46    1.41421356E+00
6 16 49    1.00000000E+00
6 17 51    1.00000000E+00
6 18 4    1.00000000E+00
6 18 52    1.41421356E+00
6 19 54    1.00000000E+00
6 20 5    1.00000000E+00
6 20 55    1.41421356E+00
6 21 6    1.41421356E+00
6 21 56    1.73205081E+00
6 26 7    1.00000000E+00
6 30 8    1.00000000E+00
6 33 9    1.00000000E+00
6 35 10    1.00000000E+00
6 36 11    1.41421356E+00
6 40 12    1.00000000E+00
6 43 13    1.00000000E+00
6 45 14    1.00000000E+00
6 46 15    1.41421356E+00
6 49 16    1.00000000E+00
6 51 17    1.00000000E+00
6 52 18    1.41421356E+00
6 54 19    1.00000000E+00
6 55 20    1.41421356E+00
6 56 21    1.73205081E+00
7 1 7    1.00000000E+00
7 2 2    1.41421356E+00
7 2 22    1.73205081E+00
7 3 23    1.00000000E+00
7 4 24    1.00000000E+00
7 5 25    1.00000000E+00
7 6 26    1.00000000E+00
7 7 1    1.00000000E+00
7 7 7    2.82842712E+00
7 8 8    1.41421356E+00
7 9 9    1.41421356E+00
7 10 10    1.41421356E+00
7 11 11    1.41421356E+00
7 22 2    1.73205081E+00
7 22 22    4.24264069E+00
7 23 3    1.00000000E+00
7 23 23    2.82842712E+00
7 24 4    1.00000000E+00
7 24 24    2.82842712E+00
7 25 5    1.00000000E+00
7 25 25    2.82842712E+00
7 26 6    1.00000000E+00
7 26 26    2.82842712E+00
7 27 27    1.41421356E+00
7 28 28    1.41421356E+00
7 29 29    1.41421356E+00
7 30 30    1.41421356E+00
7 31 31    1.41421356E+00
7 32 32    1.41421356E+00
7 33 33    1.41421356E+00
7 34 34    1.41421356E+00
7 35 35    1.41421356E+00
7 36 36    1.41421356E+00
8 1 8    1.00000000E+00
8 2 3    1.00000000E+00
8 2 23    1.41421356E+00
8 3 2    1.00000000E+00
8 3 27    1.41421356E+00
8 4 28    1.00000000E+00
8 5 29    1.00000000E+00
8 6 30    1.00000000E+00
8 7 8    1.41421356E+00
8 8 1    1.00000000E+00
8 8 7    1.41421356E+00
8 8 12    1.41421356E+00
8 9 13    1.00000000E+00
8 10 14    1.00000000E+00
8 11 15    1.00000000E+00
8 12 8    1.41421356E+00
8 13 9    1.00000000E+00
8 14 10    1.00000000E+00
8 15 11    1.00000000E+00
8 22 23    1.73205081E+00
8 23 2    1.41421356E+00
8 23 22    1.73205081E+00
8 23 27    2.00000000E+00
8 24 28    1.41421356E+00
8 25 29    1.41421356E+00
8 26 30    1.41421356E+00
8 27 3    1.41421356E+00
8 27 23    2.00000000E+00
8 27 37    1.73205081E+00
8 28 4    1.00000000E+00
8 28 24    1.41421356E+00
8 28 38    1.41421356E+00
8 29 5    1.00000000E+00
8 29 25    1.41421356E+00
8 29 39    1.41421356E+00
8 30 6    1.00000000E+00
8 30 26    1.41421356E+00
8 30 40    1.41421356E+00
8 31 41    1.00000000E+00
8 32 42    1.00000000E+00
8 33 43    1.00000000E+00
8 34 44    1.00000000E+00
8 35 45    1.00000000E+00
8 36 46    1.00000000E+00
8 37 27    1.73205081E+00
8 38 28    1.41421356E+00
8 39 29    1.41421356E+00
8 40 30    1.41421356E+00
8 41 31    1.00000000E+00
8 42 32    1.00000000E+00
8 43 33    1.00000000E+00
8 44 34    1.00000000E+00
8 45 35    1.00000000E+00
8 46 36    1.00000000E+00
9 1 9    1.00000000E+00
9 2 4    1.00000000E+00
9 2 24    1.41421356E+00
9 3 28    1.00000000E+00
9 4 2    1.00000000E+00
9 4 31    1.41421356E+00
9 5 32    1.00000000E+00
9 6 33    1.00000000E+00
9 7 9    1.41421356E+00
9 8 13    1.00000000E+00
9 9 1    1.00000000E+00
9 9 7    1.41421356E+00
9 9 16    1.41421356E+00
9 10 17    1.00000000E+00
9 11 18    1.00000000E+00
9 13 8    1.00000000E+00
9 16 9    1.41421356E+00
9 17 10    1.00000000E+00
9 18 11    1.00000000E+00
9 22 24    1.73205081E+00
9 23 28    1.41421356E+00
9 24 2    1.41421356E+00
9 24 22    1.73205081E+00
9 24 31    2.00000000E+00
9 25 32    1.41421356E+00
9 26 33    1.41421356E+00
9 27 38    1.00000000E+00
9 28 3    1.00000000E+00
9 28 23    1.41421356E+00
9 28 41    1.41421356E+00
9 29 42    1.00000000E+00
9 30 43    1.00000000E+00
9 31 4    1.41421356E+00
9 31 24    2.00000000E+00
9 31 47    1.73205081E+00
9 32 5    1.00000000E+00
9 32 25    1.41421356E+00
9 32 48    1.41421356E+00
9 33 6    1.00000000E+00
9 33 26    1.41421356E+00
9 33 49    1.41421356E+00
9 34 50    1.00000000E+00
9 35 51    1.00000000E+00
9 36 52    1.00000000E+00
9 38 27    1.00000000E+00
9 41 28    1.41421356E+00
9 42 29    1.00000000E+00
9 43 30    1.00000000E+00
9 47 31    1.73205081E+00
9 48 32    1.41421356E+00
9 49 33    1.41421356E+00
9 50 34    1.00000000E+00
9 51 35    1.00000000E+00
9 52 36    1.00000000E+00
10 1 10    1.00000000E+00
10 2 5    1.00000000E+00
10 2 25    1.41421356E+00
10 3 29    1.00000000E+00
10 4 32    1.00000000E+00
10 5 2    1.00000000E+00
10 5 34    1.41421356E+00
10 6 35    1.00000000E+00
10 7 10    1.41421356E+00
10 8 14    1.00000000E+00
10 9 17    1.00000000E+00
10 10 1    1.00000000E+00
10 10 7    1.41421356E+00
10 10 19    1.41421356E+00
10 11 20    1.00000000E+00
10 14 8    1.00000000E+00
10 17 9    1.00000000E+00
10 19 10    1.41421356E+00
10 20 11    1.00000000E+00
10 22 25    1.73205081E+00
10 23 29    1.41421356E+00
10 24 32    1.41421356E+00
10 25 2    1.41421356E+00
10 25 22    1.73205081E+00
10 25 34    2.00000000E+00
10 26 35    1.41421356E+00
10 27 39    1.00000000E+00
10 28 42    1.00000000E+00
10 29 3    1.00000000E+00
10 29 23    1.41421356E+00
10 29 44    1.41421356E+00
10 30 45    1.00000000E+00
10 31 48    1.00000000E+00
10 32 4    1.00000000E+00
10 32 24    1.41421356E+00
10 32 50    1.41421356E+00
10 33 51    1.00000000E+00
10 34 5    1.41421356E+00
10 34 25    2.00000000E+00
10 34 53    1.73205081E+00
10 35 6    1.00000000E+00
10 35 26    1.41421356E+00
10 35 54    1.41421356E+00
10 36 55    1.00000000E+00
10 39 27    1.00000000E+00
10 42 28    1.00000000E+00
10 44 29    1.41421356E+00
10 45 30    1.00000000E+00
10 48 31    1.00000000E+00
10 50 32    1.41421356E+00
10 51 33    1.00000000E+00
10 53 34    1.73205081E+00
10 54 35    1.41421356E+00
10 55 36    1.00000000E+00
11 1 11    1.00000000E+00
11 2 6    1.00000000E+00
11 2 26    1.41421356E+00
11 3 30    1.00000000E+00
11 4 33    1.00000000E+00
11 5 35    1.00000000E+00
11 6 2    1.00000000E+00
11 6 36    1.41421356E+00
11 7 11    1.41421356E+00
11 8 15    1.00000000E+00
11 9 18    1.00000000E+00
11 10 20    1.00000000E+00
11 11 1    1.00000000E+00
11 11 7    1.41421356E+00
11 11 21    1.41421356E+00
11 15 8    1.00000000E+00
11 18 9    1.00000000E+00
11 20 10    1.00000000E+00
11 21 11    1.41421356E+00
11 22 26    1.73205081E+00
11 23 30    1.41421356E+00
11 24 33    1.41421356E+00
11 25 35    1.41421356E+00
11 26 2    1.41421356E+00
11 26 22    1.73205081E+00
11 26 36    2.00000000E+00
11 27 40    1.00000000E+00
11 28 43    1.00000000E+00
11 29 45    1.00000000E+00
11 30 3    1.00000000E+00
11 30 23    1.41421356E+00
11 30 46    1.41421356E+00
11 31 49    1.00000000E+00
11 32 51    1.00000000E+00
11 33 4    1.00000000E+00
11 33 24    1.41421356E+00
11 33 52    1.41421356E+00
11 34 54    1.00000000E+00
11 35 5    1.00000000E+00
11 35 25    1.41421356E+00
11 35 55    1.41421356E+00
11 36 6    1.41421356E+00
11 36 26    2.00000000E+00
11 36 56    1.73205081E+00
11 40 27    1.00000000E+00
11 43 28    1.00000000E+00
11 45 29    1.00000000E+00
11 46 30    1.41421356E+00
11 49 31    1.00000000E+00
11 51 32    1.00000000E+00
11 52 33    1.41421356E+00
11 54 34    1.00000000E+00
11 55 35    1.41421356E+00
11 56 36    1.73205081E+00
12 1 12    1.00000000E+00
12 2 27    1.00000000E+00
12 3 3    1.41421356E+00
12 3 37    1.73205081E+00
12 4 38    1.00000000E+00
12 5 39    1.00000000E+00
12 6 40    1.00000000E+00
12 8 8    1.41421356E+00
12 12 1    1.00000000E+00
12 12 12    2.82842712E+00
12 13 13    1.41421356E+00
12 14 14    1.41421356E+00
12 15 15    1.41421356E+00
12 23 23    1.41421356E+00
12 27 2    1.00000000E+00
12 27 27    2.82842712E+00
12 28 28    1.41421356E+00
12 29 29    1.41421356E+00
12 30 30    1.41421356E+00
12 37 3    1.73205081E+00
12 37 37    4.24264069E+00
12 38 4    1.00000000E+00
12 38 38    2.82842712E+00
12 39 5    1.00000000E+00
12 39 39    2.82842712E+00
12 40 6    1.00000000E+00
12 40 40    2.82842712E+00
12 41 41    1.41421356E+00
12 42 42    1.41421356E+00
12 43 43    1.41421356E+00
12 44 44    1.41421356E+00
12 45 45    1.41421356E+00
12 46 46    1.41421356E+00
13 1 13    1.00000000E+00
13 2 28    1.00000000E+00
13 3 4    1.00000000E+00
13 3 38    1.41421356E+00
13 4 3    1.00000000E+00
13 4 41    1.41421356E+00
13 5 42    1.00000000E+00
13 6 43    1.00000000E+00
13 8 9    1.00000000E+00
13 9 8    1.00000000E+00
13 12 13    1.41421356E+00
13 13 1    1.00000000E+00
13 13 12    1.41421356E+00
13 13 16    1.41421356E+00
13 14 17    1.00000000E+00
13 15 18    1.00000000E+00
13 16 13    1.41421356E+00
13 17 14    1.00000000E+00
13 18 15    1.00000000E+00
13 23 24    1.00000000E+00
13 24 23    1.00000000E+00
13 27 28    1.41421356E+00
13 28 2    1.00000000E+00
13 28 27    1.41421356E+00
13 28 31    1.41421356E+00
13 29 32    1.00000000E+00
13 30 33    1.00000000E+00
13 31 28    1.41421356E+00
13 32 29    1.00000000E+00
13 33 30    1.00000000E+00
13 37 38    1.73205081E+00
13 38 3    1.41421356E+00
13 38 37    1.73205081E+00
13 38 41    2.00000000E+00
13 39 42    1.41421356E+00
13 40 43    1.41421356E+00
13 41 4    1.41421356E+00
13 41 38    2.00000000E+00
13 41 47    1.73205081E+00
13 42 5    1.00000000E+00
13 42 39    1.41421356E+00
13 42 48    1.41421356E+00
13 43 6    1.00000000E+00
13 43 40    1.41421356E+00
13 43 49    1.41421356E+00
13 44 50    1.00000000E+00
13 45 51    1.00000000E+00
13 46 52    1.00000000E+00
13 47 41    1.73205081E+00
13 48 42    1.41421356E+00
13 49 43    1.41421356E+00
13 50 44    1.00000000E+00
13 51 45    1.00000000E+00
13 52 46    1.00000000E+00
14 1 14    1.00000000E+00
14 2 29    1.00000000E+00
14 3 5    1.00000000E+00
14 3 39    1.41421356E+00
14 4 42    1.00000000E+00
14 5 3    1.00000000E+00
14 5 44    1.41421356E+00
14 6 45    1.00000000E+00
14 8 10    1.00000000E+00
14 10 8    1.00000000E+00
14 12 14    1.41421356E+00
14 13 17    1.00000000E+00
14 14 1    1.00000000E+00
14 14 12    1.41421356E+00
14 14 19    1.41421356E+00
14 15 20    1.00000000E+00
14 17 13    1.00000000E+00
14 19 14    1.41421356E+00
14 20 15    1.00000000E+00
14 23 25    1.00000000E+00
14 25 23    1.00000000E+00
14 27 29    1.41421356E+00
14 28 32    1.00000000E+00
14 29 2    1.00000000E+00
14 29 27    1.41421356E+00
14 29 34    1.41421356E+00
14 30 35    1.00000000E+00
14 32 28    1.00000000E+00
14 34 29    1.41421356E+00
14 35 30    1.00000000E+00
14 37 39    1.73205081E+00
14 38 42    1.41421356E+00
14 39 3    1.41421356E+00
14 39 37    1.73205081E+00
14 39 44    2.00000000E+00
14 40 45    1.41421356E+00
14 41 48    1.00000000E+00
14 42 4    1.00000000E+00
14 42 38    1.41421356E+00
14 42 50    1.41421356E+00
14 43 51    1.00000000E+00
14 44 5    1.41421356E+00
14 44 39    2.00000000E+00
14 44 53    1.73205081E+00
14 45 6    1.00000000E+00
14 45 40    1.41421356E+00
14 45 54    1.41421356E+00
14 46 55    1.00000000E+00
14 48 41    1.00000000E+00
14 50 42    1.41421356E+00
14 51 43    1.00000000E+00
14 53 44    1.73205081E+00
14 54 45    1.41421356E+00
14 55 46    1.00000000E+00
15 1 15    1.00000000E+00
15 2 30    1.00000000E+00
15 3 6    1.00000000E+00
15 3 40    1.41421356E+00
15 4 43    1.00000000E+00
15 5 45    1.00000000E+00
15 6 3    1.00000000E+00
15 6 46    1.41421356E+00
15 8 11    1.00000000E+00
15 11 8    1.00000000E+00
15 12 15    1.41421356E+00
15 13 18    1.00000000E+00
15 14 20    1.00000000E+00
15 15 1    1.00000000E+00
15 15 12    1.41421356E+00
15 15 21    1.41421356E+00
15 18 13    1.00000000E+00
15 20 14    1.00000000E+00
15 21 15    1.41421356E+00
15 23 26    1.00000000E+00
15 26 23    1.00000000E+00
15 27 30    1.41421356E+00
15 28 33    1.00000000E+00
15 29 35    1.00000000E+00
15 30 2    1.00000000E+00
15 30 27    1.41421356E+00
15 30 36    1.41421356E+00
15 33 28    1.00000000E+00
15 35 29    1.00000000E+00
15 36 30    1.41421356E+00
15 37 40    1.73205081E+00
15 38 43    1.41421356E+00
15 39 45    1.41421356E+00
15 40 3    1.41421356E+00
15 40 37    1.73205081E+00
15 40 46    2.00000000E+00
15 41 49    1.00000000E+00
15 42 51    1.00000000E+00
15 43 4    1.00000000E+00
15 43 38    1.41421356E+00
15 43 52    1.41421356E+00
15 44 54    1.00000000E+00
15 45 5    1.00000000E+00
15 45 39    1.41421356E+00
15 45 55    1.41421356E+00
15 46 6    1.41421356E+00
15 46 40    2.00000000E+00
15 46 56    1.73205081E+00
15 49 41    1.00000000E+00
15 51 42    1.00000000E+00
15 52 43    1.41421356E+00
15 54 44    1.00000000E+00
15 55 45    1.41421356E+00
15 56 46    1.73205081E+00
16 1 16    1.00000000E+00
16 2 31    1.00000000E+00
16 3 41    1.00000000E+00
16 4 4    1.41421356E+00
16 4 47    1.73205081E+00
16 5 48    1.00000000E+00
16 6 49    1.00000000E+00
16 9 9    1.41421356E+00
16 13 13    1.41421356E+00
16 16 1    1.00000000E+00
16 16 16    2.82842712E+00
16 17 17    1.41421356E+00
16 18 18    1.41421356E+00
16 24 24    1.41421356E+00
16 28 28    1.41421356E+00
16 31 2    1.00000000E+00
16 31 31    2.82842712E+00
16 32 32    1.41421356E+00
16 33 33    1.41421356E+00
16 38 38    1.41421356E+00
16 41 3    1.00000000E+00
16 41 41    2.82842712E+00
16 42 42    1.41421356E+00
16 43 43    1.41421356E+00
16 47 4    1.73205081E+00
16 47 47    4.24264069E+00
16 48 5    1.00000000E+00
16 48 48    2.82842712E+00
16 49 6    1.00000000E+00
16 49 49    2.82842712E+00
16 50 50    1.41421356E+00
16 51 51    1.41421356E+00
16 52 52    1.41421356E+00
17 1 17    1.00000000E+00
17 2 32    1.00000000E+00
17 3 42    1.00000000E+00
17 4 5    1.00000000E+00
17 4 48    1.41421356E+00
17 5 4    1.00000000E+00
17 5 50    1.41421356E+00
17 6 51    1.00000000E+00
17 9 10    1.00000000E+00
17 10 9    1.00000000E+00
17 13 14    1.00000000E+00
17 14 13    1.00000000E+00
17 16 17    1.41421356E+00
17 17 1    1.00000000E+00
17 17 16    1.41421356E+00
17 17 19    1.41421356E+00
17 18 20    1.00000000E+00
17 19 17    1.41421356E+00
17 20 18    1.00000000E+00
17 24 25    1.00000000E+00
17 25 24    1.00000000E+00
17 28 29    1.00000000E+00
17 29 28    1.00000000E+00
17 31 32    1.41421356E+00
17 32 2    1.00000000E+00
17 32 31    1.41421356E+00
17 32 34    1.41421356E+00
17 33 35    1.00000000E+00
17 34 32    1.41421356E+00
17 35 33    1.00000000E+00
17 38 39    1.00000000E+00
17 39 38    1.00000000E+00
17 41 42    1.41421356E+00
17 42 3    1.00000000E+00
17 42 41    1.41421356E+00
17 42 44    1.41421356E+00
17 43 45    1.00000000E+00
17 44 42    1.41421356E+00
17 45 43    1.00000000E+00
17 47 48    1.73205081E+00
17 48 4    1.41421356E+00
17 48 47    1.73205081E+00
17 48 50    2.00000000E+00
17 49 51    1.41421356E+00
17 50 5    1.41421356E+00
17 50 48    2.00000000E+00
17 50 53    1.73205081E+00
17 51 6    1.00000000E+00
17 51 49    1.41421356E+00
17 51 54    1.41421356E+00
17 52 55    1.00000000E+00
17 53 50    1.73205081E+00
17 54 51    1.41421356E+00
17 55 52    1.00000000E+00
18 1 18    1.00000000E+00
18 2 33    1.00000000E+00
18 3 43    1.00000000E+00
18 4 6    1.00000000E+00
18 4 49    1.41421356E+00
18 5 51    1.00000000E+00
18 6 4    1.00000000E+00
18 6 52    1.41421356E+00
18 9 11    1.00000000E+00
18 11 9    1.00000000E+00
18 13 15    1.00000000E+00
18 15 13    1.00000000E+00
18 16 18    1.41421356E+00
18 17 20    1.00000000E+00
18 18 1    1.00000000E+00
18 18 16    1.41421356E+00
18 18 21    1.41421356E+00
18 20 17    1.00000000E+00
18 21 18    1.41421356E+00
18 24 26    1.00000000E+00
18 26 24    1.00000000E+00
18 28 30    1.00000000E+00
18 30 28    1.00000000E+00
18 31 33    1.41421356E+00
18 32 35    1.00000000E+00
18 33 2    1.00000000E+00
18 33 31    1.41421356E+00
18 33 36    1.41421356E+00
18 35 32    1.00000000E+00
18 36 33    1.41421356E+00
18 38 40    1.00000000E+00
18 40 38    1.00000000E+00
18 41 43    1.41421356E+00
18 42 45    1.00000000E+00
18 43 3    1.00000000E+00
18 43 41    1.41421356E+00
18 43 46    1.41421356E+00
18 45 42    1.00000000E+00
18 46 43    1.41421356E+00
18 47 49    1.73205081E+00
18 48 51    1.41421356E+00
18 49 4    1.41421356E+00
18 49 47    1.73205081E+00
18 49 52    2.00000000E+00
18 50 54    1.00000000E+00
18 51 5    1.00000000E+00
18 51 48    1.41421356E+00
18 51 55    1.41421356E+00
18 52 6    1.41421356E+00
18 52 49    2.00000000E+00
18 52 56    1.73205081E+00
18 54 50    1.00000000E+00
18 55 51    1.41421356E+00
18 56 52    1.73205081E+00
19 1 19    1.00000000E+00
19 2 34    1.00000000E+00
19 3 44    1.00000000E+00
19 4 50    1.00000000E+00
19 5 5    1.41421356E+00
19 5 53    1.73205081E+00
19 6 54    1.00000000E+00
19 10 10    1.41421356E+00
19 14 14    1.41421356E+00
19 17 17    1.41421356E+00
19 19 1    1.00000000E+00
19 19 19    2.82842712E+00
19 20 20    1.41421356E+00
19 25 25    1.41421356E+00
19 29 29    1.41421356E+00
19 32 32    1.41421356E+00
19 34 2    1.00000000E+00
19 34 34    2.82842712E+00
19 35 35    1.41421356E+00
19 39 39    1.41421356E+00
19 42 42    1.41421356E+00
19 44 3    1.00000000E+00
19 44 44    2.82842712E+00
19 45 45    1.41421356E+00
19 48 48    1.41421356E+00
19 50 4    1.00000000E+00
19 50 50    2.82842712E+00
19 51 51    1.41421356E+00
19 53 5    1.73205081E+00
19 53 53    4.24264069E+00
19 54 6    1.00000000E+00
19 54 54    2.82842712E+00
19 55 55    1.41421356E+00
20 1 20    1.00000000E+00
20 2 35    1.00000000E+00
20 3 45    1.00000000E+00
20 4 51    1.00000000E+00
20 5 6    1.00000000E+00
20 5 54    1.41421356E+00
20 6 5    1.00000000E+00
20 6 55    1.41421356E+00
20 10 11    1.00000000E+00
20 11 10    1.00000000E+00
20 14 15    1.00000000E+00
20 15 14    1.00000000E+00
20 17 18    1.00000000E+00
20 18 17    1.00000000E+00
20 19 20    1.41421356E+00
20 20 1    1.00000000E+00
20 20 19    1.41421356E+00
20 20 21    1.41421356E+00
20 21 20    1.41421356E+00
20 25 26    1.00000000E+00
20 26 25    1.00000000E+00
20 29 30    1.00000000E+00
20 30 29    1.00000000E+00
20 32 33    1.00000000E+00
20 33 32    1.00000000E+00
20 34 35    1.41421356E+00
20 35 2    1.00000000E+00
20 35 34    1.41421356E+00
20 35 36    1.41421356E+00
20 36 35    1.41421356E+00
20 39 40    1.00000000E+00
20 40 39    1.00000000E+00
20 42 43    1.00000000E+00
20 43 42    1.00000000E+00
20 44 45    1.41421356E+00
20 45 3    1.00000000E+00
20 45 44    1.41421356E+00
20 45 46    1.41421356E+00
20 46 45    1.41421356E+00
20 48 49    1.00000000E+00
20 49 48    1.00000000E+00
20 50 51    1.41421356E+00
20 51 4    1.00000000E+00
20 51 50    1.41421356E+00
20 51 52    1.41421356E+00
20 52 51    1.41421356E+00
20 53 54    1.73205081E+00
20 54 5    1.41421356E+00
20 54 53    1.73205081E+00
20 54 55    2.00000000E+00
20 55 6    1.41421356E+00
20 55 54    2.00000000E+00
20 55 56    1.73205081E+00
20 56 55    1.73205081E+00
21 1 21    1.00000000E+00
21 2 36    1.00000000E+00
21 3 46    1.00000000E+00
21 4 52    1.00000000E+00
21 5 55    1.00000000E+00
21 6 6    1.41421356E+00
21 6 56    1.73205081E+00
21 11 11    1.41421356E+00
21 15 15    1.41421356E+00
21 18 18    1.41421356E+00
21 20 20    1.41421356E+00
21 21 1    1.00000000E+00
21 21 21    2.82842712E+00
21 26 26    1.41421356E+00
21 30 30    1.41421356E+00
21 33 33    1.41421356E+00
21 35 35    1.41421356E+00
21 36 2    1.00000000E+00
21 36 36    2.82842712E+00
21 40 40    1.41421356E+00
21 43 43    1.41421356E+00
21 45 45    1.41421356E+00
21 46 3    1.00000000E+00
21 46 46    2.82842712E+00
21 49 49    1.41421356E+00
21 51 51    1.41421356E+00
21 52 4    1.00000000E+00
21 52 52    2.82842712E+00
21 54 54    1.41421356E+00
21 55 5    1.00000000E+00
21 55 55    2.82842712E+00
21 56 6    1.73205081E+00
21 56 56    4.24264069E+00
