455
1 1 1    1.00000000E+00
1 2 2    1.00000000E+00
1 3 3    1.00000000E+00
1 4 4    1.00000000E+00
1 5 5    1.00000000E+00
1 6 6    1.00000000E+00
1 7 7    1.00000000E+00
1 8 8    1.00000000E+00
1 9 9    1.00000000E+00
1 10 10    1.00000000E+00
1 11 11    1.00000000E+00
1 12 12    1.00000000E+00
1 13 13    1.00000000E+00
1 14 14    1.00000000E+00
1 15 15    1.00000000E+00
1 16 16    1.00000000E+00
1 17 17    1.00000000E+00
1 18 18    1.00000000E+00
1 19 19    1.00000000E+00
1 20 20    1.00000000E+00
1 21 21    1.00000000E+00
1 22 22    1.00000000E+00
1 23 23    1.00000000E+00
1 24 24    1.00000000E+00
1 25 25    1.00000000E+00
1 26 26    1.00000000E+00
1 27 27    1.00000000E+00
1 28 28    1.00000000E+00
1 29 29    1.00000000E+00
1 30 30    1.00000000E+00
1 31 31    1.00000000E+00
1 32 32    1.00000000E+00
1 33 33    1.00000000E+00
1 34 34    1.00000000E+00
1 35 35    1.00000000E+00
2 1 2    1.00000000E+00
2 2 1    1.00000000E+00
2 2 5    1.41421356E+00
2 3 6    1.00000000E+00
2 4 7    1.00000000E+00
2 5 2    1.41421356E+00
2 5 11    1.73205081E+00
2 6 3    1.00000000E+00
2 6 12    1.41421356E+00
2 7 4    1.00000000E+00
2 7 13    1.41421356E+00
2 8 14    1.00000000E+00
2 9 15    1.00000000E+00
2 10 16    1.00000000E+00
2 11 5    1.73205081E+00
2 11 21    2.00000000E+00
2 12 6    1.41421356E+00
2 12 22    1.73205081E+00
2 13 7    1.41421356E+00
2 13 23    1.73205081E+00
2 14 8    1.00000000E+00
2 14 24    1.41421356E+00
2 15 9    1.00000000E+00
2 15 25    1.41421356E+00
2 16 10    1.00000000E+00
2 16 26    1.41421356E+00
2 17 27    1.00000000E+00
2 18 28    1.00000000E+00
2 19 29    1.00000000E+00
2 20 30    1.00000000E+00
2 21 11    2.00000000E+00
2 22 12    1.73205081E+00
2 23 13    1.73205081E+00
2 24 14    1.41421356E+00
2 25 15    1.41421356E+00
2 26 16    1.41421356E+00
2 27 17    1.00000000E+00
2 28 18    1.00000000E+00
2 29 19    1.00000000E+00
2 30 20    1.00000000E+00
3 1 3    1.00000000E+00
3 2 6    1.00000000E+00
3 3 1    1.00000000E+00
3 3 8    1.41421356E+00
3 4 9    1.00000000E+00
3 5 12    1.00000000E+00
3 6 2    1.00000000E+00
3 6 14    1.41421356E+00
3 7 15    1.00000000E+00
3 8 3    1.41421356E+00
3 8 17    1.73205081E+00
3 9 4    1.00000000E+00
3 9 18    1.41421356E+00
3 10 19    1.00000000E+00
3 11 22    1.00000000E+00
3 12 5    1.00000000E+00
3 12 24    1.41421356E+00
3 13 25    1.00000000E+00
3 14 6    1.41421356E+00
3 14 27    1.73205081E+00
3 15 7    1.00000000E+00
3 15 28    1.41421356E+00
3 16 29    1.00000000E+00
3 17 8    1.73205081E+00
3 17 31    2.00000000E+00
3 18 9    1.41421356E+00
3 18 32    1.73205081E+00
3 19 10    1.00000000E+00
3 19 33    1.41421356E+00
3 20 34    1.00000000E+00
3 22 11    1.00000000E+00
3 24 12    1.41421356E+00
3 25 13    1.00000000E+00
3 27 14    1.73205081E+00
3 28 15    1.41421356E+00
3 29 16    1.00000000E+00
3 31 17    2.00000000E+00
3 32 18    1.73205081E+00
3 33 19    1.41421356E+00
3 34 20    1.00000000E+00
4 1 4    1.00000000E+00
4 2 7    1.00000000E+00
4 3 9    1.00000000E+00
4 4 1    1.00000000E+00
4 4 10    1.41421356E+00
4 5 13    1.00000000E+00
4 6 15    1.00000000E+00
4 7 2    1.00000000E+00
4 7 16    1.41421356E+00
4 8 18    1.00000000E+00
4 9 3    1.00000000E+00
4 9 19    1.41421356E+00
4 10 4    1.41421356E+00
4 10 20    1.73205081E+00
4 11 23    1.00000000E+00
4 12 25    1.00000000E+00
4 13 5    1.00000000E+00
4 13 26    1.41421356E+00
4 14 28    1.00000000E+00
4 15 6    1.00000000E+00
4 15 29    1.41421356E+00
4 16 7    1.41421356E+00
4 16 30    1.73205081E+00
4 17 32    1.00000000E+00
4 18 8    1.00000000E+00
4 18 33    1.41421356E+00
4 19 9    1.41421356E+00
4 19 34    1.73205081E+00
4 20 10    1.73205081E+00
4 20 35    2.00000000E+00
4 23 11    1.00000000E+00
4 25 12    1.00000000E+00
4 26 13    1.41421356E+00
4 28 14    1.00000000E+00
4 29 15    1.41421356E+00
4 30 16    1.73205081E+00
4 32 17    1.00000000E+00
4 33 18    1.41421356E+00
4 34 19    1.73205081E+00
4 35 20    2.00000000E+00
5 1 5    1.00000000E+00
5 2 2    1.41421356E+00
5 2 11    1.73205081E+00
5 3 12    1.00000000E+00
5 4 13    1.00000000E+00
5 5 1    1.00000000E+00
5 5 5    2.82842712E+00
5 5 21    2.44948974E+00
5 6 6    1.41421356E+00
5 6 22    1.73205081E+00
5 7 7    1.41421356E+00
5 7 23    1.73205081E+00
5 8 24    1.00000000E+00
5 9 25    1.00000000E+00
5 10 26    1.00000000E+00
5 11 2    1.73205081E+00
5 11 11    4.24264069E+00
5 12 3    1.00000000E+00
5 12 12    2.82842712E+00
5 13 4    1.00000000E+00
5 13 13    2.82842712E+00
5 14 14    1.41421356E+00
5 15 15    1.41421356E+00
5 16 16    1.41421356E+00
5 21 5    2.44948974E+00
5 21 21    5.65685425E+00
5 22 6    1.73205081E+00
5 22 22    4.24264069E+00
5 23 7    1.73205081E+00
5 23 23    4.24264069E+00
5 24 8    1.00000000E+00
5 24 24    2.82842712E+00
5 25 9    1.00000000E+00
5 25 25    2.82842712E+00
5 26 10    1.00000000E+00
5 26 26    2.82842712E+00
5 27 27    1.41421356E+00
5 28 28    1.41421356E+00
5 29 29    1.41421356E+00
5 30 30    1.41421356E+00
6 1 6    1.00000000E+00
6 2 3    1.00000000E+00
6 2 12    1.41421356E+00
6 3 2    1.00000000E+00
6 3 14    1.41421356E+00
6 4 15    1.00000000E+00
6 5 6    1.41421356E+00
6 5 22    1.73205081E+00
6 6 1    1.00000000E+00
6 6 5    1.41421356E+00
6 6 8    1.41421356E+00
6 6 24    2.00000000E+00
6 7 9    1.00000000E+00
6 7 25    1.41421356E+00
6 8 6    1.41421356E+00
6 8 27    1.73205081E+00
6 9 7    1.00000000E+00
6 9 28    1.41421356E+00
6 10 29    1.00000000E+00
6 11 12    1.73205081E+00
6 12 2    1.41421356E+00
6 12 11    1.73205081E+00
6 12 14    2.00000000E+00
6 13 15    1.41421356E+00
6 14 3    1.41421356E+00
6 14 12    2.00000000E+00
6 14 17    1.73205081E+00
6 15 4    1.00000000E+00
6 15 13    1.41421356E+00
6 15 18    1.41421356E+00
6 16 19    1.00000000E+00
6 17 14    1.73205081E+00
6 18 15    1.41421356E+00
6 19 16    1.00000000E+00
6 21 22    2.00000000E+00
6 22 5    1.73205081E+00
6 22 21    2.00000000E+00
6 22 24    2.44948974E+00
6 23 25    1.73205081E+00
6 24 6    2.00000000E+00
6 24 22    2.44948974E+00
6 24 27    2.44948974E+00
6 25 7    1.41421356E+00
6 25 23    1.73205081E+00
6 25 28    2.00000000E+00
6 26 29    1.41421356E+00
6 27 8    1.73205081E+00
6 27 24    2.44948974E+00
6 27 31    2.00000000E+00
6 28 9    1.41421356E+00
6 28 25    2.00000000E+00
6 28 32    1.73205081E+00
6 29 10    1.00000000E+00
6 29 26    1.41421356E+00
6 29 33    1.41421356E+00
6 30 34    1.00000000E+00
6 31 27    2.00000000E+00
6 32 28    1.73205081E+00
6 33 29    1.41421356E+00
6 34 30    1.00000000E+00
7 1 7    1.00000000E+00
7 2 4    1.00000000E+00
7 2 13    1.41421356E+00
7 3 15    1.00000000E+00
7 4 2    1.00000000E+00
7 4 16    1.41421356E+00
7 5 7    1.41421356E+00
7 5 23    1.73205081E+00
7 6 9    1.00000000E+00
7 6 25    1.41421356E+00
7 7 1    1.00000000E+00
7 7 5    1.41421356E+00
7 7 10    1.41421356E+00
7 7 26    2.00000000E+00
7 8 28    1.00000000E+00
7 9 6    1.00000000E+00
7 9 29    1.41421356E+00
7 10 7    1.41421356E+00
7 10 30    1.73205081E+00
7 11 13    1.73205081E+00
7 12 15    1.41421356E+00
7 13 2    1.41421356E+00
7 13 11    1.73205081E+00
7 13 16    2.00000000E+00
7 14 18    1.00000000E+00
7 15 3    1.00000000E+00
7 15 12    1.41421356E+00
7 15 19    1.41421356E+00
7 16 4    1.41421356E+00
7 16 13    2.00000000E+00
7 16 20    1.73205081E+00
7 18 14    1.00000000E+00
7 19 15    1.41421356E+00
7 20 16    1.73205081E+00
7 21 23    2.00000000E+00
7 22 25    1.73205081E+00
7 23 5    1.73205081E+00
7 23 21    2.00000000E+00
7 23 26    2.44948974E+00
7 24 28    1.41421356E+00
7 25 6    1.41421356E+00
7 25 22    1.73205081E+00
7 25 29    2.00000000E+00
7 26 7    2.00000000E+00
7 26 23    2.44948974E+00
7 26 30    2.44948974E+00
7 27 32    1.00000000E+00
7 28 8    1.00000000E+00
7 28 24    1.41421356E+00
7 28 33    1.41421356E+00
7 29 9    1.41421356E+00
7 29 25    2.00000000E+00
7 29 34    1.73205081E+00
7 30 10    1.73205081E+00
7 30 26    2.44948974E+00
7 30 35    2.00000000E+00
7 32 27    1.00000000E+00
7 33 28    1.41421356E+00
7 34 29    1.73205081E+00
7 35 30    2.00000000E+00
8 1 8    1.00000000E+00
8 2 14    1.00000000E+00
8 3 3    1.41421356E+00
8 3 17    1.73205081E+00
8 4 18    1.00000000E+00
8 5 24    1.00000000E+00
8 6 6    1.41421356E+00
8 6 27    1.73205081E+00
8 7 28    1.00000000E+00
8 8 1    1.00000000E+00
8 8 8    2.82842712E+00
8 8 31    2.44948974E+00
8 9 9    1.41421356E+00
8 9 32    1.73205081E+00
8 10 33    1.00000000E+00
8 12 12    1.41421356E+00
8 14 2    1.00000000E+00
8 14 14    2.82842712E+00
8 15 15    1.41421356E+00
8 17 3    1.73205081E+00
8 17 17    4.24264069E+00
8 18 4    1.00000000E+00
8 18 18    2.82842712E+00
8 19 19    1.41421356E+00
8 22 22    1.41421356E+00
8 24 5    1.00000000E+00
8 24 24    2.82842712E+00
8 25 25    1.41421356E+00
8 27 6    1.73205081E+00
8 27 27    4.24264069E+00
8 28 7    1.00000000E+00
8 28 28    2.82842712E+00
8 29 29    1.41421356E+00
8 31 8    2.44948974E+00
8 31 31    5.65685425E+00
8 32 9    1.73205081E+00
8 32 32    4.24264069E+00
8 33 10    1.00000000E+00
8 33 33    2.82842712E+00
8 34 34    1.41421356E+00
9 1 9    1.00000000E+00
9 2 15    1.00000000E+00
9 3 4    1.00000000E+00
9 3 18    1.41421356E+00
9 4 3    1.00000000E+00
9 4 19    1.41421356E+00
9 5 25    1.00000000E+00
9 6 7    1.00000000E+00
9 6 28    1.41421356E+00
9 7 6    1.00000000E+00
9 7 29    1.41421356E+00
9 8 9    1.41421356E+00
9 8 32    1.73205081E+00
9 9 1    1.00000000E+00
9 9 8    1.41421356E+00
9 9 10    1.41421356E+00
9 9 33    2.00000000E+00
9 10 9    1.41421356E+00
9 10 34    1.73205081E+00
9 12 13    1.00000000E+00
9 13 12    1.00000000E+00
9 14 15    1.41421356E+00
9 15 2    1.00000000E+00
9 15 14    1.41421356E+00
9 15 16    1.41421356E+00
9 16 15    1.41421356E+00
9 17 18    1.73205081E+00
9 18 3    1.41421356E+00
9 18 17    1.73205081E+00
9 18 19    2.00000000E+00
9 19 4    1.41421356E+00
9 19 18    2.00000000E+00
9 19 20    1.73205081E+00
9 20 19    1.73205081E+00
9 22 23    1.00000000E+00
9 23 22    1.00000000E+00
9 24 25    1.41421356E+00
9 25 5    1.00000000E+00
9 25 24    1.41421356E+00
9 25 26    1.41421356E+00
9 26 25    1.41421356E+00
9 27 28    1.73205081E+00
9 28 6    1.41421356E+00
9 28 27    1.73205081E+00
9 28 29    2.00000000E+00
9 29 7    1.41421356E+00
9 29 28    2.00000000E+00
9 29 30    1.73205081E+00
9 30 29    1.73205081E+00
9 31 32    2.00000000E+00
9 32 8    1.73205081E+00
9 32 31    2.00000000E+00
9 32 33    2.44948974E+00
9 33 9    2.00000000E+00
9 33 32    2.44948974E+00
9 33 34    2.44948974E+00
9 34 10    1.73205081E+00
9 34 33    2.44948974E+00
9 34 35    2.00000000E+00
9 35 34    2.00000000E+00
10 1 10    1.00000000E+00
10 2 16    1.00000000E+00
10 3 19    1.00000000E+00
10 4 4    1.41421356E+00
10 4 20    1.73205081E+00
10 5 26    1.00000000E+00
10 6 29    1.00000000E+00
10 7 7    1.41421356E+00
10 7 30    1.73205081E+00
10 8 33    1.00000000E+00
10 9 9    1.41421356E+00
10 9 34    1.73205081E+00
10 10 1    1.00000000E+00
10 10 10    2.82842712E+00
10 10 35    2.44948974E+00
10 13 13    1.41421356E+00
10 15 15    1.41421356E+00
10 16 2    1.00000000E+00
10 16 16    2.82842712E+00
10 18 18    1.41421356E+00
10 19 3    1.00000000E+00
10 19 19    2.82842712E+00
10 20 4    1.73205081E+00
10 20 20    4.24264069E+00
10 23 23    1.41421356E+00
10 25 25    1.41421356E+00
10 26 5    1.00000000E+00
10 26 26    2.82842712E+00
10 28 28    1.41421356E+00
10 29 6    1.00000000E+00
10 29 29    2.82842712E+00
10 30 7    1.73205081E+00
10 30 30    4.24264069E+00
10 32 32    1.41421356E+00
10 33 8    1.00000000E+00
10 33 33    2.82842712E+00
10 34 9    1.73205081E+00
10 34 34    4.24264069E+00
10 35 10    2.44948974E+00
10 35 35    5.65685425E+00
