218
1 1 1    1.00000000E+00
1 2 2    1.00000000E+00
1 3 3    1.00000000E+00
1 4 4    1.00000000E+00
1 5 5    1.00000000E+00
1 6 6    1.00000000E+00
1 7 7    1.00000000E+00
1 8 8    1.00000000E+00
1 9 9    1.00000000E+00
1 10 10    1.00000000E+00
1 11 11    1.00000000E+00
1 12 12    1.00000000E+00
1 13 13    1.00000000E+00
1 14 14    1.00000000E+00
1 15 15    1.00000000E+00
1 16 16    1.00000000E+00
1 17 17    1.00000000E+00
1 18 18    1.00000000E+00
1 19 19    1.00000000E+00
1 20 20    1.00000000E+00
2 1 2    1.00000000E+00
2 2 1    1.00000000E+00
2 2 5    1.41421356E+00
2 3 6    1.00000000E+00
2 4 7    1.00000000E+00
2 5 2    1.41421356E+00
2 5 11    1.73205081E+00
2 6 3    1.00000000E+00
2 6 12    1.41421356E+00
2 7 4    1.00000000E+00
2 7 13    1.41421356E+00
2 8 14    1.00000000E+00
2 9 15    1.00000000E+00
2 10 16    1.00000000E+00
2 11 5    1.73205081E+00
2 12 6    1.41421356E+00
2 13 7    1.41421356E+00
2 14 8    1.00000000E+00
2 15 9    1.00000000E+00
2 16 10    1.00000000E+00
3 1 3    1.00000000E+00
3 2 6    1.00000000E+00
3 3 1    1.00000000E+00
3 3 8    1.41421356E+00
3 4 9    1.00000000E+00
3 5 12    1.00000000E+00
3 6 2    1.00000000E+00
3 6 14    1.41421356E+00
3 7 15    1.00000000E+00
3 8 3    1.41421356E+00
3 8 17    1.73205081E+00
3 9 4    1.00000000E+00
3 9 18    1.41421356E+00
3 10 19    1.00000000E+00
3 12 5    1.00000000E+00
3 14 6    1.41421356E+00
3 15 7    1.00000000E+00
3 17 8    1.73205081E+00
3 18 9    1.41421356E+00
3 19 10    1.00000000E+00
4 1 4    1.00000000E+00
4 2 7    1.00000000E+00
4 3 9    1.00000000E+00
4 4 1    1.00000000E+00
4 4 10    1.41421356E+00
4 5 13    1.00000000E+00
4 6 15    1.00000000E+00
4 7 2    1.00000000E+00
4 7 16    1.41421356E+00
4 8 18    1.00000000E+00
4 9 3    1.00000000E+00
4 9 19    1.41421356E+00
4 10 4    1.41421356E+00
4 10 20    1.73205081E+00
4 13 5    1.00000000E+00
4 15 6    1.00000000E+00
4 16 7    1.41421356E+00
4 18 8    1.00000000E+00
4 19 9    1.41421356E+00
4 20 10    1.73205081E+00
5 1 5    1.00000000E+00
5 2 2    1.41421356E+00
5 2 11    1.73205081E+00
5 3 12    1.00000000E+00
5 4 13    1.00000000E+00
5 5 1    1.00000000E+00
5 5 5    2.82842712E+00
5 6 6    1.41421356E+00
5 7 7    1.41421356E+00
5 11 2    1.73205081E+00
5 11 11    4.24264069E+00
5 12 3    1.00000000E+00
5 12 12    2.82842712E+00
5 13 4    1.00000000E+00
5 13 13    2.82842712E+00
5 14 14    1.41421356E+00
5 15 15    1.41421356E+00
5 16 16    1.41421356E+00
6 1 6    1.00000000E+00
6 2 3    1.00000000E+00
6 2 12    1.41421356E+00
6 3 2    1.00000000E+00
6 3 14    1.41421356E+00
6 4 15    1.00000000E+00
6 5 6    1.41421356E+00
6 6 1    1.00000000E+00
6 6 5    1.41421356E+00
6 6 8    1.41421356E+00
6 7 9    1.00000000E+00
6 8 6    1.41421356E+00
6 9 7    1.00000000E+00
6 11 12    1.73205081E+00
6 12 2    1.41421356E+00
6 12 11    1.73205081E+00
6 12 14    2.00000000E+00
6 13 15    1.41421356E+00
6 14 3    1.41421356E+00
6 14 12    2.00000000E+00
6 14 17    1.73205081E+00
6 15 4    1.00000000E+00
6 15 13    1.41421356E+00
6 15 18    1.41421356E+00
6 16 19    1.00000000E+00
6 17 14    1.73205081E+00
6 18 15    1.41421356E+00
6 19 16    1.00000000E+00
7 1 7    1.00000000E+00
7 2 4    1.00000000E+00
7 2 13    1.41421356E+00
7 3 15    1.00000000E+00
7 4 2    1.00000000E+00
7 4 16    1.41421356E+00
7 5 7    1.41421356E+00
7 6 9    1.00000000E+00
7 7 1    1.00000000E+00
7 7 5    1.41421356E+00
7 7 10    1.41421356E+00
7 9 6    1.00000000E+00
7 10 7    1.41421356E+00
7 11 13    1.73205081E+00
7 12 15    1.41421356E+00
7 13 2    1.41421356E+00
7 13 11    1.73205081E+00
7 13 16    2.00000000E+00
7 14 18    1.00000000E+00
7 15 3    1.00000000E+00
7 15 12    1.41421356E+00
7 15 19    1.41421356E+00
7 16 4    1.41421356E+00
7 16 13    2.00000000E+00
7 16 20    1.73205081E+00
7 18 14    1.00000000E+00
7 19 15    1.41421356E+00
7 20 16    1.73205081E+00
8 1 8    1.00000000E+00
8 2 14    1.00000000E+00
8 3 3    1.41421356E+00
8 3 17    1.73205081E+00
8 4 18    1.00000000E+00
8 6 6    1.41421356E+00
8 8 1    1.00000000E+00
8 8 8    2.82842712E+00
8 9 9    1.41421356E+00
8 12 12    1.41421356E+00
8 14 2    1.00000000E+00
8 14 14    2.82842712E+00
8 15 15    1.41421356E+00
8 17 3    1.73205081E+00
8 17 17    4.24264069E+00
8 18 4    1.00000000E+00
8 18 18    2.82842712E+00
8 19 19    1.41421356E+00
9 1 9    1.00000000E+00
9 2 15    1.00000000E+00
9 3 4    1.00000000E+00
9 3 18    1.41421356E+00
9 4 3    1.00000000E+00
9 4 19    1.41421356E+00
9 6 7    1.00000000E+00
9 7 6    1.00000000E+00
9 8 9    1.41421356E+00
9 9 1    1.00000000E+00
9 9 8    1.41421356E+00
9 9 10    1.41421356E+00
9 10 9    1.41421356E+00
9 12 13    1.00000000E+00
9 13 12    1.00000000E+00
9 14 15    1.41421356E+00
9 15 2    1.00000000E+00
9 15 14    1.41421356E+00
9 15 16    1.41421356E+00
9 16 15    1.41421356E+00
9 17 18    1.73205081E+00
9 18 3    1.41421356E+00
9 18 17    1.73205081E+00
9 18 19    2.00000000E+00
9 19 4    1.41421356E+00
9 19 18    2.00000000E+00
9 19 20    1.73205081E+00
9 20 19    1.73205081E+00
10 1 10    1.00000000E+00
10 2 16    1.00000000E+00
10 3 19    1.00000000E+00
10 4 4    1.41421356E+00
10 4 20    1.73205081E+00
10 7 7    1.41421356E+00
10 9 9    1.41421356E+00
10 10 1    1.00000000E+00
10 10 10    2.82842712E+00
10 13 13    1.41421356E+00
10 15 15    1.41421356E+00
10 16 2    1.00000000E+00
10 16 16    2.82842712E+00
10 18 18    1.41421356E+00
10 19 3    1.00000000E+00
10 19 19    2.82842712E+00
10 20 4    1.73205081E+00
10 20 20    4.24264069E+00
