261
1 1 1    1.00000000E+00
1 2 2    1.00000000E+00
1 3 3    1.00000000E+00
1 4 4    1.00000000E+00
1 5 5    1.00000000E+00
1 6 6    1.00000000E+00
1 7 7    1.00000000E+00
1 8 8    1.00000000E+00
1 9 9    1.00000000E+00
1 10 10    1.00000000E+00
1 11 11    1.00000000E+00
1 12 12    1.00000000E+00
1 13 13    1.00000000E+00
1 14 14    1.00000000E+00
1 15 15    1.00000000E+00
1 16 16    1.00000000E+00
1 17 17    1.00000000E+00
1 18 18    1.00000000E+00
1 19 19    1.00000000E+00
1 20 20    1.00000000E+00
1 21 21    1.00000000E+00
2 1 2    1.00000000E+00
2 2 1    1.00000000E+00
2 2 7    1.41421356E+00
2 3 8    1.00000000E+00
2 4 9    1.00000000E+00
2 5 10    1.00000000E+00
2 6 11    1.00000000E+00
2 7 2    1.41421356E+00
2 8 3    1.00000000E+00
2 9 4    1.00000000E+00
2 10 5    1.00000000E+00
2 11 6    1.00000000E+00
3 1 3    1.00000000E+00
3 2 8    1.00000000E+00
3 3 1    1.00000000E+00
3 3 12    1.41421356E+00
3 4 13    1.00000000E+00
3 5 14    1.00000000E+00
3 6 15    1.00000000E+00
3 8 2    1.00000000E+00
3 12 3    1.41421356E+00
3 13 4    1.00000000E+00
3 14 5    1.00000000E+00
3 15 6    1.00000000E+00
4 1 4    1.00000000E+00
4 2 9    1.00000000E+00
4 3 13    1.00000000E+00
4 4 1    1.00000000E+00
4 4 16    1.41421356E+00
4 5 17    1.00000000E+00
4 6 18    1.00000000E+00
4 9 2    1.00000000E+00
4 13 3    1.00000000E+00
4 16 4    1.41421356E+00
4 17 5    1.00000000E+00
4 18 6    1.00000000E+00
5 1 5    1.00000000E+00
5 2 10    1.00000000E+00
5 3 14    1.00000000E+00
5 4 17    1.00000000E+00
5 5 1    1.00000000E+00
5 5 19    1.41421356E+00
5 6 20    1.00000000E+00
5 10 2    1.00000000E+00
5 14 3    1.00000000E+00
5 17 4    1.00000000E+00
5 19 5    1.41421356E+00
5 20 6    1.00000000E+00
6 1 6    1.00000000E+00
6 2 11    1.00000000E+00
6 3 15    1.00000000E+00
6 4 18    1.00000000E+00
6 5 20    1.00000000E+00
6 6 1    1.00000000E+00
6 6 21    1.41421356E+00
6 11 2    1.00000000E+00
6 15 3    1.00000000E+00
6 18 4    1.00000000E+00
6 20 5    1.00000000E+00
6 21 6    1.41421356E+00
7 1 7    1.00000000E+00
7 2 2    1.41421356E+00
7 7 1    1.00000000E+00
7 7 7    2.82842712E+00
7 8 8    1.41421356E+00
7 9 9    1.41421356E+00
7 10 10    1.41421356E+00
7 11 11    1.41421356E+00
8 1 8    1.00000000E+00
8 2 3    1.00000000E+00
8 3 2    1.00000000E+00
8 7 8    1.41421356E+00
8 8 1    1.00000000E+00
8 8 7    1.41421356E+00
8 8 12    1.41421356E+00
8 9 13    1.00000000E+00
8 10 14    1.00000000E+00
8 11 15    1.00000000E+00
8 12 8    1.41421356E+00
8 13 9    1.00000000E+00
8 14 10    1.00000000E+00
8 15 11    1.00000000E+00
9 1 9    1.00000000E+00
9 2 4    1.00000000E+00
9 4 2    1.00000000E+00
9 7 9    1.41421356E+00
9 8 13    1.00000000E+00
9 9 1    1.00000000E+00
9 9 7    1.41421356E+00
9 9 16    1.41421356E+00
9 10 17    1.00000000E+00
9 11 18    1.00000000E+00
9 13 8    1.00000000E+00
9 16 9    1.41421356E+00
9 17 10    1.00000000E+00
9 18 11    1.00000000E+00
10 1 10    1.00000000E+00
10 2 5    1.00000000E+00
10 5 2    1.00000000E+00
10 7 10    1.41421356E+00
10 8 14    1.00000000E+00
10 9 17    1.00000000E+00
10 10 1    1.00000000E+00
10 10 7    1.41421356E+00
10 10 19    1.41421356E+00
10 11 20    1.00000000E+00
10 14 8    1.00000000E+00
10 17 9    1.00000000E+00
10 19 10    1.41421356E+00
10 20 11    1.00000000E+00
11 1 11    1.00000000E+00
11 2 6    1.00000000E+00
11 6 2    1.00000000E+00
11 7 11    1.41421356E+00
11 8 15    1.00000000E+00
11 9 18    1.00000000E+00
11 10 20    1.00000000E+00
11 11 1    1.00000000E+00
11 11 7    1.41421356E+00
11 11 21    1.41421356E+00
11 15 8    1.00000000E+00
11 18 9    1.00000000E+00
11 20 10    1.00000000E+00
11 21 11    1.41421356E+00
12 1 12    1.00000000E+00
12 3 3    1.41421356E+00
12 8 8    1.41421356E+00
12 12 1    1.00000000E+00
12 12 12    2.82842712E+00
12 13 13    1.41421356E+00
12 14 14    1.41421356E+00
12 15 15    1.41421356E+00
13 1 13    1.00000000E+00
13 3 4    1.00000000E+00
13 4 3    1.00000000E+00
13 8 9    1.00000000E+00
13 9 8    1.00000000E+00
13 12 13    1.41421356E+00
13 13 1    1.00000000E+00
13 13 12    1.41421356E+00
13 13 16    1.41421356E+00
13 14 17    1.00000000E+00
13 15 18    1.00000000E+00
13 16 13    1.41421356E+00
13 17 14    1.00000000E+00
13 18 15    1.00000000E+00
14 1 14    1.00000000E+00
14 3 5    1.00000000E+00
14 5 3    1.00000000E+00
14 8 10    1.00000000E+00
14 10 8    1.00000000E+00
14 12 14    1.41421356E+00
14 13 17    1.00000000E+00
14 14 1    1.00000000E+00
14 14 12    1.41421356E+00
14 14 19    1.41421356E+00
14 15 20    1.00000000E+00
14 17 13    1.00000000E+00
14 19 14    1.41421356E+00
14 20 15    1.00000000E+00
15 1 15    1.00000000E+00
15 3 6    1.00000000E+00
15 6 3    1.00000000E+00
15 8 11    1.00000000E+00
15 11 8    1.00000000E+00
15 12 15    1.41421356E+00
15 13 18    1.00000000E+00
15 14 20    1.00000000E+00
15 15 1    1.00000000E+00
15 15 12    1.41421356E+00
15 15 21    1.41421356E+00
15 18 13    1.00000000E+00
15 20 14    1.00000000E+00
15 21 15    1.41421356E+00
16 1 16    1.00000000E+00
16 4 4    1.41421356E+00
16 9 9    1.41421356E+00
16 13 13    1.41421356E+00
16 16 1    1.00000000E+00
16 16 16    2.82842712E+00
16 17 17    1.41421356E+00
16 18 18    1.41421356E+00
17 1 17    1.00000000E+00
17 4 5    1.00000000E+00
17 5 4    1.00000000E+00
17 9 10    1.00000000E+00
17 10 9    1.00000000E+00
17 13 14    1.00000000E+00
17 14 13    1.00000000E+00
17 16 17    1.41421356E+00
17 17 1    1.00000000E+00
17 17 16    1.41421356E+00
17 17 19    1.41421356E+00
17 18 20    1.00000000E+00
17 19 17    1.41421356E+00
17 20 18    1.00000000E+00
18 1 18    1.00000000E+00
18 4 6    1.00000000E+00
18 6 4    1.00000000E+00
18 9 11    1.00000000E+00
18 11 9    1.00000000E+00
18 13 15    1.00000000E+00
18 15 13    1.00000000E+00
18 16 18    1.41421356E+00
18 17 20    1.00000000E+00
18 18 1    1.00000000E+00
18 18 16    1.41421356E+00
18 18 21    1.41421356E+00
18 20 17    1.00000000E+00
18 21 18    1.41421356E+00
19 1 19    1.00000000E+00
19 5 5    1.41421356E+00
19 10 10    1.41421356E+00
19 14 14    1.41421356E+00
19 17 17    1.41421356E+00
19 19 1    1.00000000E+00
19 19 19    2.82842712E+00
19 20 20    1.41421356E+00
20 1 20    1.00000000E+00
20 5 6    1.00000000E+00
20 6 5    1.00000000E+00
20 10 11    1.00000000E+00
20 11 10    1.00000000E+00
20 14 15    1.00000000E+00
20 15 14    1.00000000E+00
20 17 18    1.00000000E+00
20 18 17    1.00000000E+00
20 19 20    1.41421356E+00
20 20 1    1.00000000E+00
20 20 19    1.41421356E+00
20 20 21    1.41421356E+00
20 21 20    1.41421356E+00
21 1 21    1.00000000E+00
21 6 6    1.41421356E+00
21 11 11    1.41421356E+00
21 15 15    1.41421356E+00
21 18 18    1.41421356E+00
21 20 20    1.41421356E+00
21 21 1    1.00000000E+00
21 21 21    2.82842712E+00
