386
1 1 1    1.00000000E+00
1 2 2    1.00000000E+00
1 3 3    1.00000000E+00
1 4 4    1.00000000E+00
1 5 5    1.00000000E+00
1 6 6    1.00000000E+00
1 7 7    1.00000000E+00
1 8 8    1.00000000E+00
1 9 9    1.00000000E+00
1 10 10    1.00000000E+00
1 11 11    1.00000000E+00
1 12 12    1.00000000E+00
1 13 13    1.00000000E+00
1 14 14    1.00000000E+00
1 15 15    1.00000000E+00
1 16 16    1.00000000E+00
1 17 17    1.00000000E+00
1 18 18    1.00000000E+00
1 19 19    1.00000000E+00
1 20 20    1.00000000E+00
1 21 21    1.00000000E+00
1 22 22    1.00000000E+00
1 23 23    1.00000000E+00
1 24 24    1.00000000E+00
1 25 25    1.00000000E+00
1 26 26    1.00000000E+00
1 27 27    1.00000000E+00
1 28 28    1.00000000E+00
1 29 29    1.00000000E+00
1 30 30    1.00000000E+00
1 31 31    1.00000000E+00
1 32 32    1.00000000E+00
1 33 33    1.00000000E+00
1 34 34    1.00000000E+00
1 35 35    1.00000000E+00
1 36 36    1.00000000E+00
2 1 2    1.00000000E+00
2 2 1    1.00000000E+00
2 2 4    1.41421356E+00
2 3 5    1.00000000E+00
2 4 2    1.41421356E+00
2 4 7    1.73205081E+00
2 5 3    1.00000000E+00
2 5 8    1.41421356E+00
2 6 9    1.00000000E+00
2 7 4    1.73205081E+00
2 7 11    2.00000000E+00
2 8 5    1.41421356E+00
2 8 12    1.73205081E+00
2 9 6    1.00000000E+00
2 9 13    1.41421356E+00
2 10 14    1.00000000E+00
2 11 7    2.00000000E+00
2 11 16    2.23606798E+00
2 12 8    1.73205081E+00
2 12 17    2.00000000E+00
2 13 9    1.41421356E+00
2 13 18    1.73205081E+00
2 14 10    1.00000000E+00
2 14 19    1.41421356E+00
2 15 20    1.00000000E+00
2 16 11    2.23606798E+00
2 16 22    2.44948974E+00
2 17 12    2.00000000E+00
2 17 23    2.23606798E+00
2 18 13    1.73205081E+00
2 18 24    2.00000000E+00
2 19 14    1.41421356E+00
2 19 25    1.73205081E+00
2 20 15    1.00000000E+00
2 20 26    1.41421356E+00
2 21 27    1.00000000E+00
2 22 16    2.44948974E+00
2 22 29    2.64575131E+00
2 23 17    2.23606798E+00
2 23 30    2.44948974E+00
2 24 18    2.00000000E+00
2 24 31    2.23606798E+00
2 25 19    1.73205081E+00
2 25 32    2.00000000E+00
2 26 20    1.41421356E+00
2 26 33    1.73205081E+00
2 27 21    1.00000000E+00
2 27 34    1.41421356E+00
2 28 35    1.00000000E+00
2 29 22    2.64575131E+00
2 30 23    2.44948974E+00
2 31 24    2.23606798E+00
2 32 25    2.00000000E+00
2 33 26    1.73205081E+00
2 34 27    1.41421356E+00
2 35 28    1.00000000E+00
3 1 3    1.00000000E+00
3 2 5    1.00000000E+00
3 3 1    1.00000000E+00
3 3 6    1.41421356E+00
3 4 8    1.00000000E+00
3 5 2    1.00000000E+00
3 5 9    1.41421356E+00
3 6 3    1.41421356E+00
3 6 10    1.73205081E+00
3 7 12    1.00000000E+00
3 8 4    1.00000000E+00
3 8 13    1.41421356E+00
3 9 5    1.41421356E+00
3 9 14    1.73205081E+00
3 10 6    1.73205081E+00
3 10 15    2.00000000E+00
3 11 17    1.00000000E+00
3 12 7    1.00000000E+00
3 12 18    1.41421356E+00
3 13 8    1.41421356E+00
3 13 19    1.73205081E+00
3 14 9    1.73205081E+00
3 14 20    2.00000000E+00
3 15 10    2.00000000E+00
3 15 21    2.23606798E+00
3 16 23    1.00000000E+00
3 17 11    1.00000000E+00
3 17 24    1.41421356E+00
3 18 12    1.41421356E+00
3 18 25    1.73205081E+00
3 19 13    1.73205081E+00
3 19 26    2.00000000E+00
3 20 14    2.00000000E+00
3 20 27    2.23606798E+00
3 21 15    2.23606798E+00
3 21 28    2.44948974E+00
3 22 30    1.00000000E+00
3 23 16    1.00000000E+00
3 23 31    1.41421356E+00
3 24 17    1.41421356E+00
3 24 32    1.73205081E+00
3 25 18    1.73205081E+00
3 25 33    2.00000000E+00
3 26 19    2.00000000E+00
3 26 34    2.23606798E+00
3 27 20    2.23606798E+00
3 27 35    2.44948974E+00
3 28 21    2.44948974E+00
3 28 36    2.64575131E+00
3 30 22    1.00000000E+00
3 31 23    1.41421356E+00
3 32 24    1.73205081E+00
3 33 25    2.00000000E+00
3 34 26    2.23606798E+00
3 35 27    2.44948974E+00
3 36 28    2.64575131E+00
4 1 4    1.00000000E+00
4 2 2    1.41421356E+00
4 2 7    1.73205081E+00
4 3 8    1.00000000E+00
4 4 1    1.00000000E+00
4 4 4    2.82842712E+00
4 4 11    2.44948974E+00
4 5 5    1.41421356E+00
4 5 12    1.73205081E+00
4 6 13    1.00000000E+00
4 7 2    1.73205081E+00
4 7 7    4.24264069E+00
4 7 16    3.16227766E+00
4 8 3    1.00000000E+00
4 8 8    2.82842712E+00
4 8 17    2.44948974E+00
4 9 9    1.41421356E+00
4 9 18    1.73205081E+00
4 10 19    1.00000000E+00
4 11 4    2.44948974E+00
4 11 11    5.65685425E+00
4 11 22    3.87298335E+00
4 12 5    1.73205081E+00
4 12 12    4.24264069E+00
4 12 23    3.16227766E+00
4 13 6    1.00000000E+00
4 13 13    2.82842712E+00
4 13 24    2.44948974E+00
4 14 14    1.41421356E+00
4 14 25    1.73205081E+00
4 15 26    1.00000000E+00
4 16 7    3.16227766E+00
4 16 16    7.07106781E+00
4 16 29    4.58257569E+00
4 17 8    2.44948974E+00
4 17 17    5.65685425E+00
4 17 30    3.87298335E+00
4 18 9    1.73205081E+00
4 18 18    4.24264069E+00
4 18 31    3.16227766E+00
4 19 10    1.00000000E+00
4 19 19    2.82842712E+00
4 19 32    2.44948974E+00
4 20 20    1.41421356E+00
4 20 33    1.73205081E+00
4 21 34    1.00000000E+00
4 22 11    3.87298335E+00
4 22 22    8.48528137E+00
4 23 12    3.16227766E+00
4 23 23    7.07106781E+00
4 24 13    2.44948974E+00
4 24 24    5.65685425E+00
4 25 14    1.73205081E+00
4 25 25    4.24264069E+00
4 26 15    1.00000000E+00
4 26 26    2.82842712E+00
4 27 27    1.41421356E+00
4 29 16    4.58257569E+00
4 29 29    9.89949494E+00
4 30 17    3.87298335E+00
4 30 30    8.48528137E+00
4 31 18    3.16227766E+00
4 31 31    7.07106781E+00
4 32 19    2.44948974E+00
4 32 32    5.65685425E+00
4 33 20    1.73205081E+00
4 33 33    4.24264069E+00
4 34 21    1.00000000E+00
4 34 34    2.82842712E+00
4 35 35    1.41421356E+00
5 1 5    1.00000000E+00
5 2 3    1.00000000E+00
5 2 8    1.41421356E+00
5 3 2    1.00000000E+00
5 3 9    1.41421356E+00
5 4 5    1.41421356E+00
5 4 12    1.73205081E+00
5 5 1    1.00000000E+00
5 5 4    1.41421356E+00
5 5 6    1.41421356E+00
5 5 13    2.00000000E+00
5 6 5    1.41421356E+00
5 6 14    1.73205081E+00
5 7 8    1.73205081E+00
5 7 17    2.00000000E+00
5 8 2    1.41421356E+00
5 8 7    1.73205081E+00
5 8 9    2.00000000E+00
5 8 18    2.44948974E+00
5 9 3    1.41421356E+00
5 9 8    2.00000000E+00
5 9 10    1.73205081E+00
5 9 19    2.44948974E+00
5 10 9    1.73205081E+00
5 10 20    2.00000000E+00
5 11 12    2.00000000E+00
5 11 23    2.23606798E+00
5 12 4    1.73205081E+00
5 12 11    2.00000000E+00
5 12 13    2.44948974E+00
5 12 24    2.82842712E+00
5 13 5    2.00000000E+00
5 13 12    2.44948974E+00
5 13 14    2.44948974E+00
5 13 25    3.00000000E+00
5 14 6    1.73205081E+00
5 14 13    2.44948974E+00
5 14 15    2.00000000E+00
5 14 26    2.82842712E+00
5 15 14    2.00000000E+00
5 15 27    2.23606798E+00
5 16 17    2.23606798E+00
5 16 30    2.44948974E+00
5 17 7    2.00000000E+00
5 17 16    2.23606798E+00
5 17 18    2.82842712E+00
5 17 31    3.16227766E+00
5 18 8    2.44948974E+00
5 18 17    2.82842712E+00
5 18 19    3.00000000E+00
5 18 32    3.46410162E+00
5 19 9    2.44948974E+00
5 19 18    3.00000000E+00
5 19 20    2.82842712E+00
5 19 33    3.46410162E+00
5 20 10    2.00000000E+00
5 20 19    2.82842712E+00
5 20 21    2.23606798E+00
5 20 34    3.16227766E+00
5 21 20    2.23606798E+00
5 21 35    2.44948974E+00
5 22 23    2.44948974E+00
5 23 11    2.23606798E+00
5 23 22    2.44948974E+00
5 23 24    3.16227766E+00
5 24 12    2.82842712E+00
5 24 23    3.16227766E+00
5 24 25    3.46410162E+00
5 25 13    3.00000000E+00
5 25 24    3.46410162E+00
5 25 26    3.46410162E+00
5 26 14    2.82842712E+00
5 26 25    3.46410162E+00
5 26 27    3.16227766E+00
5 27 15    2.23606798E+00
5 27 26    3.16227766E+00
5 27 28    2.44948974E+00
5 28 27    2.44948974E+00
5 29 30    2.64575131E+00
5 30 16    2.44948974E+00
5 30 29    2.64575131E+00
5 30 31    3.46410162E+00
5 31 17    3.16227766E+00
5 31 30    3.46410162E+00
5 31 32    3.87298335E+00
5 32 18    3.46410162E+00
5 32 31    3.87298335E+00
5 32 33    4.00000000E+00
5 33 19    3.46410162E+00
5 33 32    4.00000000E+00
5 33 34    3.87298335E+00
5 34 20    3.16227766E+00
5 34 33    3.87298335E+00
5 34 35    3.46410162E+00
5 35 21    2.44948974E+00
5 35 34    3.46410162E+00
5 35 36    2.64575131E+00
5 36 35    2.64575131E+00
6 1 6    1.00000000E+00
6 2 9    1.00000000E+00
6 3 3    1.41421356E+00
6 3 10    1.73205081E+00
6 4 13    1.00000000E+00
6 5 5    1.41421356E+00
6 5 14    1.73205081E+00
6 6 1    1.00000000E+00
6 6 6    2.82842712E+00
6 6 15    2.44948974E+00
6 7 18    1.00000000E+00
6 8 8    1.41421356E+00
6 8 19    1.73205081E+00
6 9 2    1.00000000E+00
6 9 9    2.82842712E+00
6 9 20    2.44948974E+00
6 10 3    1.73205081E+00
6 10 10    4.24264069E+00
6 10 21    3.16227766E+00
6 11 24    1.00000000E+00
6 12 12    1.41421356E+00
6 12 25    1.73205081E+00
6 13 4    1.00000000E+00
6 13 13    2.82842712E+00
6 13 26    2.44948974E+00
6 14 5    1.73205081E+00
6 14 14    4.24264069E+00
6 14 27    3.16227766E+00
6 15 6    2.44948974E+00
6 15 15    5.65685425E+00
6 15 28    3.87298335E+00
6 16 31    1.00000000E+00
6 17 17    1.41421356E+00
6 17 32    1.73205081E+00
6 18 7    1.00000000E+00
6 18 18    2.82842712E+00
6 18 33    2.44948974E+00
6 19 8    1.73205081E+00
6 19 19    4.24264069E+00
6 19 34    3.16227766E+00
6 20 9    2.44948974E+00
6 20 20    5.65685425E+00
6 20 35    3.87298335E+00
6 21 10    3.16227766E+00
6 21 21    7.07106781E+00
6 21 36    4.58257569E+00
6 23 23    1.41421356E+00
6 24 11    1.00000000E+00
6 24 24    2.82842712E+00
6 25 12    1.73205081E+00
6 25 25    4.24264069E+00
6 26 13    2.44948974E+00
6 26 26    5.65685425E+00
6 27 14    3.16227766E+00
6 27 27    7.07106781E+00
6 28 15    3.87298335E+00
6 28 28    8.48528137E+00
6 30 30    1.41421356E+00
6 31 16    1.00000000E+00
6 31 31    2.82842712E+00
6 32 17    1.73205081E+00
6 32 32    4.24264069E+00
6 33 18    2.44948974E+00
6 33 33    5.65685425E+00
6 34 19    3.16227766E+00
6 34 34    7.07106781E+00
6 35 20    3.87298335E+00
6 35 35    8.48528137E+00
6 36 21    4.58257569E+00
6 36 36    9.89949494E+00
