821
1 1 1    1.00000000E+00
1 2 2    1.00000000E+00
1 3 3    1.00000000E+00
1 4 4    1.00000000E+00
1 5 5    1.00000000E+00
1 6 6    1.00000000E+00
1 7 7    1.00000000E+00
1 8 8    1.00000000E+00
1 9 9    1.00000000E+00
1 10 10    1.00000000E+00
1 11 11    1.00000000E+00
1 12 12    1.00000000E+00
1 13 13    1.00000000E+00
1 14 14    1.00000000E+00
1 15 15    1.00000000E+00
1 16 16    1.00000000E+00
1 17 17    1.00000000E+00
1 18 18    1.00000000E+00
1 19 19    1.00000000E+00
1 20 20    1.00000000E+00
1 21 21    1.00000000E+00
1 22 22    1.00000000E+00
1 23 23    1.00000000E+00
1 24 24    1.00000000E+00
1 25 25    1.00000000E+00
1 26 26    1.00000000E+00
1 27 27    1.00000000E+00
1 28 28    1.00000000E+00
1 29 29    1.00000000E+00
1 30 30    1.00000000E+00
1 31 31    1.00000000E+00
1 32 32    1.00000000E+00
1 33 33    1.00000000E+00
1 34 34    1.00000000E+00
1 35 35    1.00000000E+00
1 36 36    1.00000000E+00
1 37 37    1.00000000E+00
1 38 38    1.00000000E+00
1 39 39    1.00000000E+00
1 40 40    1.00000000E+00
1 41 41    1.00000000E+00
1 42 42    1.00000000E+00
1 43 43    1.00000000E+00
1 44 44    1.00000000E+00
1 45 45    1.00000000E+00
1 46 46    1.00000000E+00
1 47 47    1.00000000E+00
1 48 48    1.00000000E+00
1 49 49    1.00000000E+00
1 50 50    1.00000000E+00
1 51 51    1.00000000E+00
1 52 52    1.00000000E+00
1 53 53    1.00000000E+00
1 54 54    1.00000000E+00
1 55 55    1.00000000E+00
1 56 56    1.00000000E+00
2 1 2    1.00000000E+00
2 2 1    1.00000000E+00
2 2 5    1.41421356E+00
2 3 6    1.00000000E+00
2 4 7    1.00000000E+00
2 5 2    1.41421356E+00
2 5 11    1.73205081E+00
2 6 3    1.00000000E+00
2 6 12    1.41421356E+00
2 7 4    1.00000000E+00
2 7 13    1.41421356E+00
2 8 14    1.00000000E+00
2 9 15    1.00000000E+00
2 10 16    1.00000000E+00
2 11 5    1.73205081E+00
2 11 21    2.00000000E+00
2 12 6    1.41421356E+00
2 12 22    1.73205081E+00
2 13 7    1.41421356E+00
2 13 23    1.73205081E+00
2 14 8    1.00000000E+00
2 14 24    1.41421356E+00
2 15 9    1.00000000E+00
2 15 25    1.41421356E+00
2 16 10    1.00000000E+00
2 16 26    1.41421356E+00
2 17 27    1.00000000E+00
2 18 28    1.00000000E+00
2 19 29    1.00000000E+00
2 20 30    1.00000000E+00
2 21 11    2.00000000E+00
2 21 36    2.23606798E+00
2 22 12    1.73205081E+00
2 22 37    2.00000000E+00
2 23 13    1.73205081E+00
2 23 38    2.00000000E+00
2 24 14    1.41421356E+00
2 24 39    1.73205081E+00
2 25 15    1.41421356E+00
2 25 40    1.73205081E+00
2 26 16    1.41421356E+00
2 26 41    1.73205081E+00
2 27 17    1.00000000E+00
2 27 42    1.41421356E+00
2 28 18    1.00000000E+00
2 28 43    1.41421356E+00
2 29 19    1.00000000E+00
2 29 44    1.41421356E+00
2 30 20    1.00000000E+00
2 30 45    1.41421356E+00
2 31 46    1.00000000E+00
2 32 47    1.00000000E+00
2 33 48    1.00000000E+00
2 34 49    1.00000000E+00
2 35 50    1.00000000E+00
2 36 21    2.23606798E+00
2 37 22    2.00000000E+00
2 38 23    2.00000000E+00
2 39 24    1.73205081E+00
2 40 25    1.73205081E+00
2 41 26    1.73205081E+00
2 42 27    1.41421356E+00
2 43 28    1.41421356E+00
2 44 29    1.41421356E+00
2 45 30    1.41421356E+00
2 46 31    1.00000000E+00
2 47 32    1.00000000E+00
2 48 33    1.00000000E+00
2 49 34    1.00000000E+00
2 50 35    1.00000000E+00
3 1 3    1.00000000E+00
3 2 6    1.00000000E+00
3 3 1    1.00000000E+00
3 3 8    1.41421356E+00
3 4 9    1.00000000E+00
3 5 12    1.00000000E+00
3 6 2    1.00000000E+00
3 6 14    1.41421356E+00
3 7 15    1.00000000E+00
3 8 3    1.41421356E+00
3 8 17    1.73205081E+00
3 9 4    1.00000000E+00
3 9 18    1.41421356E+00
3 10 19    1.00000000E+00
3 11 22    1.00000000E+00
3 12 5    1.00000000E+00
3 12 24    1.41421356E+00
3 13 25    1.00000000E+00
3 14 6    1.41421356E+00
3 14 27    1.73205081E+00
3 15 7    1.00000000E+00
3 15 28    1.41421356E+00
3 16 29    1.00000000E+00
3 17 8    1.73205081E+00
3 17 31    2.00000000E+00
3 18 9    1.41421356E+00
3 18 32    1.73205081E+00
3 19 10    1.00000000E+00
3 19 33    1.41421356E+00
3 20 34    1.00000000E+00
3 21 37    1.00000000E+00
3 22 11    1.00000000E+00
3 22 39    1.41421356E+00
3 23 40    1.00000000E+00
3 24 12    1.41421356E+00
3 24 42    1.73205081E+00
3 25 13    1.00000000E+00
3 25 43    1.41421356E+00
3 26 44    1.00000000E+00
3 27 14    1.73205081E+00
3 27 46    2.00000000E+00
3 28 15    1.41421356E+00
3 28 47    1.73205081E+00
3 29 16    1.00000000E+00
3 29 48    1.41421356E+00
3 30 49    1.00000000E+00
3 31 17    2.00000000E+00
3 31 51    2.23606798E+00
3 32 18    1.73205081E+00
3 32 52    2.00000000E+00
3 33 19    1.41421356E+00
3 33 53    1.73205081E+00
3 34 20    1.00000000E+00
3 34 54    1.41421356E+00
3 35 55    1.00000000E+00
3 37 21    1.00000000E+00
3 39 22    1.41421356E+00
3 40 23    1.00000000E+00
3 42 24    1.73205081E+00
3 43 25    1.41421356E+00
3 44 26    1.00000000E+00
3 46 27    2.00000000E+00
3 47 28    1.73205081E+00
3 48 29    1.41421356E+00
3 49 30    1.00000000E+00
3 51 31    2.23606798E+00
3 52 32    2.00000000E+00
3 53 33    1.73205081E+00
3 54 34    1.41421356E+00
3 55 35    1.00000000E+00
4 1 4    1.00000000E+00
4 2 7    1.00000000E+00
4 3 9    1.00000000E+00
4 4 1    1.00000000E+00
4 4 10    1.41421356E+00
4 5 13    1.00000000E+00
4 6 15    1.00000000E+00
4 7 2    1.00000000E+00
4 7 16    1.41421356E+00
4 8 18    1.00000000E+00
4 9 3    1.00000000E+00
4 9 19    1.41421356E+00
4 10 4    1.41421356E+00
4 10 20    1.73205081E+00
4 11 23    1.00000000E+00
4 12 25    1.00000000E+00
4 13 5    1.00000000E+00
4 13 26    1.41421356E+00
4 14 28    1.00000000E+00
4 15 6    1.00000000E+00
4 15 29    1.41421356E+00
4 16 7    1.41421356E+00
4 16 30    1.73205081E+00
4 17 32    1.00000000E+00
4 18 8    1.00000000E+00
4 18 33    1.41421356E+00
4 19 9    1.41421356E+00
4 19 34    1.73205081E+00
4 20 10    1.73205081E+00
4 20 35    2.00000000E+00
4 21 38    1.00000000E+00
4 22 40    1.00000000E+00
4 23 11    1.00000000E+00
4 23 41    1.41421356E+00
4 24 43    1.00000000E+00
4 25 12    1.00000000E+00
4 25 44    1.41421356E+00
4 26 13    1.41421356E+00
4 26 45    1.73205081E+00
4 27 47    1.00000000E+00
4 28 14    1.00000000E+00
4 28 48    1.41421356E+00
4 29 15    1.41421356E+00
4 29 49    1.73205081E+00
4 30 16    1.73205081E+00
4 30 50    2.00000000E+00
4 31 52    1.00000000E+00
4 32 17    1.00000000E+00
4 32 53    1.41421356E+00
4 33 18    1.41421356E+00
4 33 54    1.73205081E+00
4 34 19    1.73205081E+00
4 34 55    2.00000000E+00
4 35 20    2.00000000E+00
4 35 56    2.23606798E+00
4 38 21    1.00000000E+00
4 40 22    1.00000000E+00
4 41 23    1.41421356E+00
4 43 24    1.00000000E+00
4 44 25    1.41421356E+00
4 45 26    1.73205081E+00
4 47 27    1.00000000E+00
4 48 28    1.41421356E+00
4 49 29    1.73205081E+00
4 50 30    2.00000000E+00
4 52 31    1.00000000E+00
4 53 32    1.41421356E+00
4 54 33    1.73205081E+00
4 55 34    2.00000000E+00
4 56 35    2.23606798E+00
5 1 5    1.00000000E+00
5 2 2    1.41421356E+00
5 2 11    1.73205081E+00
5 3 12    1.00000000E+00
5 4 13    1.00000000E+00
5 5 1    1.00000000E+00
5 5 5    2.82842712E+00
5 5 21    2.44948974E+00
5 6 6    1.41421356E+00
5 6 22    1.73205081E+00
5 7 7    1.41421356E+00
5 7 23    1.73205081E+00
5 8 24    1.00000000E+00
5 9 25    1.00000000E+00
5 10 26    1.00000000E+00
5 11 2    1.73205081E+00
5 11 11    4.24264069E+00
5 11 36    3.16227766E+00
5 12 3    1.00000000E+00
5 12 12    2.82842712E+00
5 12 37    2.44948974E+00
5 13 4    1.00000000E+00
5 13 13    2.82842712E+00
5 13 38    2.44948974E+00
5 14 14    1.41421356E+00
5 14 39    1.73205081E+00
5 15 15    1.41421356E+00
5 15 40    1.73205081E+00
5 16 16    1.41421356E+00
5 16 41    1.73205081E+00
5 17 42    1.00000000E+00
5 18 43    1.00000000E+00
5 19 44    1.00000000E+00
5 20 45    1.00000000E+00
5 21 5    2.44948974E+00
5 21 21    5.65685425E+00
5 22 6    1.73205081E+00
5 22 22    4.24264069E+00
5 23 7    1.73205081E+00
5 23 23    4.24264069E+00
5 24 8    1.00000000E+00
5 24 24    2.82842712E+00
5 25 9    1.00000000E+00
5 25 25    2.82842712E+00
5 26 10    1.00000000E+00
5 26 26    2.82842712E+00
5 27 27    1.41421356E+00
5 28 28    1.41421356E+00
5 29 29    1.41421356E+00
5 30 30    1.41421356E+00
5 36 11    3.16227766E+00
5 36 36    7.07106781E+00
5 37 12    2.44948974E+00
5 37 37    5.65685425E+00
5 38 13    2.44948974E+00
5 38 38    5.65685425E+00
5 39 14    1.73205081E+00
5 39 39    4.24264069E+00
5 40 15    1.73205081E+00
5 40 40    4.24264069E+00
5 41 16    1.73205081E+00
5 41 41    4.24264069E+00
5 42 17    1.00000000E+00
5 42 42    2.82842712E+00
5 43 18    1.00000000E+00
5 43 43    2.82842712E+00
5 44 19    1.00000000E+00
5 44 44    2.82842712E+00
5 45 20    1.00000000E+00
5 45 45    2.82842712E+00
5 46 46    1.41421356E+00
5 47 47    1.41421356E+00
5 48 48    1.41421356E+00
5 49 49    1.41421356E+00
5 50 50    1.41421356E+00
6 1 6    1.00000000E+00
6 2 3    1.00000000E+00
6 2 12    1.41421356E+00
6 3 2    1.00000000E+00
6 3 14    1.41421356E+00
6 4 15    1.00000000E+00
6 5 6    1.41421356E+00
6 5 22    1.73205081E+00
6 6 1    1.00000000E+00
6 6 5    1.41421356E+00
6 6 8    1.41421356E+00
6 6 24    2.00000000E+00
6 7 9    1.00000000E+00
6 7 25    1.41421356E+00
6 8 6    1.41421356E+00
6 8 27    1.73205081E+00
6 9 7    1.00000000E+00
6 9 28    1.41421356E+00
6 10 29    1.00000000E+00
6 11 12    1.73205081E+00
6 11 37    2.00000000E+00
6 12 2    1.41421356E+00
6 12 11    1.73205081E+00
6 12 14    2.00000000E+00
6 12 39    2.44948974E+00
6 13 15    1.41421356E+00
6 13 40    1.73205081E+00
6 14 3    1.41421356E+00
6 14 12    2.00000000E+00
6 14 17    1.73205081E+00
6 14 42    2.44948974E+00
6 15 4    1.00000000E+00
6 15 13    1.41421356E+00
6 15 18    1.41421356E+00
6 15 43    2.00000000E+00
6 16 19    1.00000000E+00
6 16 44    1.41421356E+00
6 17 14    1.73205081E+00
6 17 46    2.00000000E+00
6 18 15    1.41421356E+00
6 18 47    1.73205081E+00
6 19 16    1.00000000E+00
6 19 48    1.41421356E+00
6 20 49    1.00000000E+00
6 21 22    2.00000000E+00
6 22 5    1.73205081E+00
6 22 21    2.00000000E+00
6 22 24    2.44948974E+00
6 23 25    1.73205081E+00
6 24 6    2.00000000E+00
6 24 22    2.44948974E+00
6 24 27    2.44948974E+00
6 25 7    1.41421356E+00
6 25 23    1.73205081E+00
6 25 28    2.00000000E+00
6 26 29    1.41421356E+00
6 27 8    1.73205081E+00
6 27 24    2.44948974E+00
6 27 31    2.00000000E+00
6 28 9    1.41421356E+00
6 28 25    2.00000000E+00
6 28 32    1.73205081E+00
6 29 10    1.00000000E+00
6 29 26    1.41421356E+00
6 29 33    1.41421356E+00
6 30 34    1.00000000E+00
6 31 27    2.00000000E+00
6 32 28    1.73205081E+00
6 33 29    1.41421356E+00
6 34 30    1.00000000E+00
6 36 37    2.23606798E+00
6 37 11    2.00000000E+00
6 37 36    2.23606798E+00
6 37 39    2.82842712E+00
6 38 40    2.00000000E+00
6 39 12    2.44948974E+00
6 39 37    2.82842712E+00
6 39 42    3.00000000E+00
6 40 13    1.73205081E+00
6 40 38    2.00000000E+00
6 40 43    2.44948974E+00
6 41 44    1.73205081E+00
6 42 14    2.44948974E+00
6 42 39    3.00000000E+00
6 42 46    2.82842712E+00
6 43 15    2.00000000E+00
6 43 40    2.44948974E+00
6 43 47    2.44948974E+00
6 44 16    1.41421356E+00
6 44 41    1.73205081E+00
6 44 48    2.00000000E+00
6 45 49    1.41421356E+00
6 46 17    2.00000000E+00
6 46 42    2.82842712E+00
6 46 51    2.23606798E+00
6 47 18    1.73205081E+00
6 47 43    2.44948974E+00
6 47 52    2.00000000E+00
6 48 19    1.41421356E+00
6 48 44    2.00000000E+00
6 48 53    1.73205081E+00
6 49 20    1.00000000E+00
6 49 45    1.41421356E+00
6 49 54    1.41421356E+00
6 50 55    1.00000000E+00
6 51 46    2.23606798E+00
6 52 47    2.00000000E+00
6 53 48    1.73205081E+00
6 54 49    1.41421356E+00
6 55 50    1.00000000E+00
7 1 7    1.00000000E+00
7 2 4    1.00000000E+00
7 2 13    1.41421356E+00
7 3 15    1.00000000E+00
7 4 2    1.00000000E+00
7 4 16    1.41421356E+00
7 5 7    1.41421356E+00
7 5 23    1.73205081E+00
7 6 9    1.00000000E+00
7 6 25    1.41421356E+00
7 7 1    1.00000000E+00
7 7 5    1.41421356E+00
7 7 10    1.41421356E+00
7 7 26    2.00000000E+00
7 8 28    1.00000000E+00
7 9 6    1.00000000E+00
7 9 29    1.41421356E+00
7 10 7    1.41421356E+00
7 10 30    1.73205081E+00
7 11 13    1.73205081E+00
7 11 38    2.00000000E+00
7 12 15    1.41421356E+00
7 12 40    1.73205081E+00
7 13 2    1.41421356E+00
7 13 11    1.73205081E+00
7 13 16    2.00000000E+00
7 13 41    2.44948974E+00
7 14 18    1.00000000E+00
7 14 43    1.41421356E+00
7 15 3    1.00000000E+00
7 15 12    1.41421356E+00
7 15 19    1.41421356E+00
7 15 44    2.00000000E+00
7 16 4    1.41421356E+00
7 16 13    2.00000000E+00
7 16 20    1.73205081E+00
7 16 45    2.44948974E+00
7 17 47    1.00000000E+00
7 18 14    1.00000000E+00
7 18 48    1.41421356E+00
7 19 15    1.41421356E+00
7 19 49    1.73205081E+00
7 20 16    1.73205081E+00
7 20 50    2.00000000E+00
7 21 23    2.00000000E+00
7 22 25    1.73205081E+00
7 23 5    1.73205081E+00
7 23 21    2.00000000E+00
7 23 26    2.44948974E+00
7 24 28    1.41421356E+00
7 25 6    1.41421356E+00
7 25 22    1.73205081E+00
7 25 29    2.00000000E+00
7 26 7    2.00000000E+00
7 26 23    2.44948974E+00
7 26 30    2.44948974E+00
7 27 32    1.00000000E+00
7 28 8    1.00000000E+00
7 28 24    1.41421356E+00
7 28 33    1.41421356E+00
7 29 9    1.41421356E+00
7 29 25    2.00000000E+00
7 29 34    1.73205081E+00
7 30 10    1.73205081E+00
7 30 26    2.44948974E+00
7 30 35    2.00000000E+00
7 32 27    1.00000000E+00
7 33 28    1.41421356E+00
7 34 29    1.73205081E+00
7 35 30    2.00000000E+00
7 36 38    2.23606798E+00
7 37 40    2.00000000E+00
7 38 11    2.00000000E+00
7 38 36    2.23606798E+00
7 38 41    2.82842712E+00
7 39 43    1.73205081E+00
7 40 12    1.73205081E+00
7 40 37    2.00000000E+00
7 40 44    2.44948974E+00
7 41 13    2.44948974E+00
7 41 38    2.82842712E+00
7 41 45    3.00000000E+00
7 42 47    1.41421356E+00
7 43 14    1.41421356E+00
7 43 39    1.73205081E+00
7 43 48    2.00000000E+00
7 44 15    2.00000000E+00
7 44 40    2.44948974E+00
7 44 49    2.44948974E+00
7 45 16    2.44948974E+00
7 45 41    3.00000000E+00
7 45 50    2.82842712E+00
7 46 52    1.00000000E+00
7 47 17    1.00000000E+00
7 47 42    1.41421356E+00
7 47 53    1.41421356E+00
7 48 18    1.41421356E+00
7 48 43    2.00000000E+00
7 48 54    1.73205081E+00
7 49 19    1.73205081E+00
7 49 44    2.44948974E+00
7 49 55    2.00000000E+00
7 50 20    2.00000000E+00
7 50 45    2.82842712E+00
7 50 56    2.23606798E+00
7 52 46    1.00000000E+00
7 53 47    1.41421356E+00
7 54 48    1.73205081E+00
7 55 49    2.00000000E+00
7 56 50    2.23606798E+00
8 1 8    1.00000000E+00
8 2 14    1.00000000E+00
8 3 3    1.41421356E+00
8 3 17    1.73205081E+00
8 4 18    1.00000000E+00
8 5 24    1.00000000E+00
8 6 6    1.41421356E+00
8 6 27    1.73205081E+00
8 7 28    1.00000000E+00
8 8 1    1.00000000E+00
8 8 8    2.82842712E+00
8 8 31    2.44948974E+00
8 9 9    1.41421356E+00
8 9 32    1.73205081E+00
8 10 33    1.00000000E+00
8 11 39    1.00000000E+00
8 12 12    1.41421356E+00
8 12 42    1.73205081E+00
8 13 43    1.00000000E+00
8 14 2    1.00000000E+00
8 14 14    2.82842712E+00
8 14 46    2.44948974E+00
8 15 15    1.41421356E+00
8 15 47    1.73205081E+00
8 16 48    1.00000000E+00
8 17 3    1.73205081E+00
8 17 17    4.24264069E+00
8 17 51    3.16227766E+00
8 18 4    1.00000000E+00
8 18 18    2.82842712E+00
8 18 52    2.44948974E+00
8 19 19    1.41421356E+00
8 19 53    1.73205081E+00
8 20 54    1.00000000E+00
8 22 22    1.41421356E+00
8 24 5    1.00000000E+00
8 24 24    2.82842712E+00
8 25 25    1.41421356E+00
8 27 6    1.73205081E+00
8 27 27    4.24264069E+00
8 28 7    1.00000000E+00
8 28 28    2.82842712E+00
8 29 29    1.41421356E+00
8 31 8    2.44948974E+00
8 31 31    5.65685425E+00
8 32 9    1.73205081E+00
8 32 32    4.24264069E+00
8 33 10    1.00000000E+00
8 33 33    2.82842712E+00
8 34 34    1.41421356E+00
8 37 37    1.41421356E+00
8 39 11    1.00000000E+00
8 39 39    2.82842712E+00
8 40 40    1.41421356E+00
8 42 12    1.73205081E+00
8 42 42    4.24264069E+00
8 43 13    1.00000000E+00
8 43 43    2.82842712E+00
8 44 44    1.41421356E+00
8 46 14    2.44948974E+00
8 46 46    5.65685425E+00
8 47 15    1.73205081E+00
8 47 47    4.24264069E+00
8 48 16    1.00000000E+00
8 48 48    2.82842712E+00
8 49 49    1.41421356E+00
8 51 17    3.16227766E+00
8 51 51    7.07106781E+00
8 52 18    2.44948974E+00
8 52 52    5.65685425E+00
8 53 19    1.73205081E+00
8 53 53    4.24264069E+00
8 54 20    1.00000000E+00
8 54 54    2.82842712E+00
8 55 55    1.41421356E+00
9 1 9    1.00000000E+00
9 2 15    1.00000000E+00
9 3 4    1.00000000E+00
9 3 18    1.41421356E+00
9 4 3    1.00000000E+00
9 4 19    1.41421356E+00
9 5 25    1.00000000E+00
9 6 7    1.00000000E+00
9 6 28    1.41421356E+00
9 7 6    1.00000000E+00
9 7 29    1.41421356E+00
9 8 9    1.41421356E+00
9 8 32    1.73205081E+00
9 9 1    1.00000000E+00
9 9 8    1.41421356E+00
9 9 10    1.41421356E+00
9 9 33    2.00000000E+00
9 10 9    1.41421356E+00
9 10 34    1.73205081E+00
9 11 40    1.00000000E+00
9 12 13    1.00000000E+00
9 12 43    1.41421356E+00
9 13 12    1.00000000E+00
9 13 44    1.41421356E+00
9 14 15    1.41421356E+00
9 14 47    1.73205081E+00
9 15 2    1.00000000E+00
9 15 14    1.41421356E+00
9 15 16    1.41421356E+00
9 15 48    2.00000000E+00
9 16 15    1.41421356E+00
9 16 49    1.73205081E+00
9 17 18    1.73205081E+00
9 17 52    2.00000000E+00
9 18 3    1.41421356E+00
9 18 17    1.73205081E+00
9 18 19    2.00000000E+00
9 18 53    2.44948974E+00
9 19 4    1.41421356E+00
9 19 18    2.00000000E+00
9 19 20    1.73205081E+00
9 19 54    2.44948974E+00
9 20 19    1.73205081E+00
9 20 55    2.00000000E+00
9 22 23    1.00000000E+00
9 23 22    1.00000000E+00
9 24 25    1.41421356E+00
9 25 5    1.00000000E+00
9 25 24    1.41421356E+00
9 25 26    1.41421356E+00
9 26 25    1.41421356E+00
9 27 28    1.73205081E+00
9 28 6    1.41421356E+00
9 28 27    1.73205081E+00
9 28 29    2.00000000E+00
9 29 7    1.41421356E+00
9 29 28    2.00000000E+00
9 29 30    1.73205081E+00
9 30 29    1.73205081E+00
9 31 32    2.00000000E+00
9 32 8    1.73205081E+00
9 32 31    2.00000000E+00
9 32 33    2.44948974E+00
9 33 9    2.00000000E+00
9 33 32    2.44948974E+00
9 33 34    2.44948974E+00
9 34 10    1.73205081E+00
9 34 33    2.44948974E+00
9 34 35    2.00000000E+00
9 35 34    2.00000000E+00
9 37 38    1.00000000E+00
9 38 37    1.00000000E+00
9 39 40    1.41421356E+00
9 40 11    1.00000000E+00
9 40 39    1.41421356E+00
9 40 41    1.41421356E+00
9 41 40    1.41421356E+00
9 42 43    1.73205081E+00
9 43 12    1.41421356E+00
9 43 42    1.73205081E+00
9 43 44    2.00000000E+00
9 44 13    1.41421356E+00
9 44 43    2.00000000E+00
9 44 45    1.73205081E+00
9 45 44    1.73205081E+00
9 46 47    2.00000000E+00
9 47 14    1.73205081E+00
9 47 46    2.00000000E+00
9 47 48    2.44948974E+00
9 48 15    2.00000000E+00
9 48 47    2.44948974E+00
9 48 49    2.44948974E+00
9 49 16    1.73205081E+00
9 49 48    2.44948974E+00
9 49 50    2.00000000E+00
9 50 49    2.00000000E+00
9 51 52    2.23606798E+00
9 52 17    2.00000000E+00
9 52 51    2.23606798E+00
9 52 53    2.82842712E+00
9 53 18    2.44948974E+00
9 53 52    2.82842712E+00
9 53 54    3.00000000E+00
9 54 19    2.44948974E+00
9 54 53    3.00000000E+00
9 54 55    2.82842712E+00
9 55 20    2.00000000E+00
9 55 54    2.82842712E+00
9 55 56    2.23606798E+00
9 56 55    2.23606798E+00
10 1 10    1.00000000E+00
10 2 16    1.00000000E+00
10 3 19    1.00000000E+00
10 4 4    1.41421356E+00
10 4 20    1.73205081E+00
10 5 26    1.00000000E+00
10 6 29    1.00000000E+00
10 7 7    1.41421356E+00
10 7 30    1.73205081E+00
10 8 33    1.00000000E+00
10 9 9    1.41421356E+00
10 9 34    1.73205081E+00
10 10 1    1.00000000E+00
10 10 10    2.82842712E+00
10 10 35    2.44948974E+00
10 11 41    1.00000000E+00
10 12 44    1.00000000E+00
10 13 13    1.41421356E+00
10 13 45    1.73205081E+00
10 14 48    1.00000000E+00
10 15 15    1.41421356E+00
10 15 49    1.73205081E+00
10 16 2    1.00000000E+00
10 16 16    2.82842712E+00
10 16 50    2.44948974E+00
10 17 53    1.00000000E+00
10 18 18    1.41421356E+00
10 18 54    1.73205081E+00
10 19 3    1.00000000E+00
10 19 19    2.82842712E+00
10 19 55    2.44948974E+00
10 20 4    1.73205081E+00
10 20 20    4.24264069E+00
10 20 56    3.16227766E+00
10 23 23    1.41421356E+00
10 25 25    1.41421356E+00
10 26 5    1.00000000E+00
10 26 26    2.82842712E+00
10 28 28    1.41421356E+00
10 29 6    1.00000000E+00
10 29 29    2.82842712E+00
10 30 7    1.73205081E+00
10 30 30    4.24264069E+00
10 32 32    1.41421356E+00
10 33 8    1.00000000E+00
10 33 33    2.82842712E+00
10 34 9    1.73205081E+00
10 34 34    4.24264069E+00
10 35 10    2.44948974E+00
10 35 35    5.65685425E+00
10 38 38    1.41421356E+00
10 40 40    1.41421356E+00
10 41 11    1.00000000E+00
10 41 41    2.82842712E+00
10 43 43    1.41421356E+00
10 44 12    1.00000000E+00
10 44 44    2.82842712E+00
10 45 13    1.73205081E+00
10 45 45    4.24264069E+00
10 47 47    1.41421356E+00
10 48 14    1.00000000E+00
10 48 48    2.82842712E+00
10 49 15    1.73205081E+00
10 49 49    4.24264069E+00
10 50 16    2.44948974E+00
10 50 50    5.65685425E+00
10 52 52    1.41421356E+00
10 53 17    1.00000000E+00
10 53 53    2.82842712E+00
10 54 18    1.73205081E+00
10 54 54    4.24264069E+00
10 55 19    2.44948974E+00
10 55 55    5.65685425E+00
10 56 20    3.16227766E+00
10 56 56    7.07106781E+00
