2836
1 1 1    1.00000000E+00
1 2 2    1.00000000E+00
1 3 3    1.00000000E+00
1 4 4    1.00000000E+00
1 5 5    1.00000000E+00
1 6 6    1.00000000E+00
1 7 7    1.00000000E+00
1 8 8    1.00000000E+00
1 9 9    1.00000000E+00
1 10 10    1.00000000E+00
1 11 11    1.00000000E+00
1 12 12    1.00000000E+00
1 13 13    1.00000000E+00
1 14 14    1.00000000E+00
1 15 15    1.00000000E+00
1 16 16    1.00000000E+00
1 17 17    1.00000000E+00
1 18 18    1.00000000E+00
1 19 19    1.00000000E+00
1 20 20    1.00000000E+00
1 21 21    1.00000000E+00
1 22 22    1.00000000E+00
1 23 23    1.00000000E+00
1 24 24    1.00000000E+00
1 25 25    1.00000000E+00
1 26 26    1.00000000E+00
1 27 27    1.00000000E+00
1 28 28    1.00000000E+00
1 29 29    1.00000000E+00
1 30 30    1.00000000E+00
1 31 31    1.00000000E+00
1 32 32    1.00000000E+00
1 33 33    1.00000000E+00
1 34 34    1.00000000E+00
1 35 35    1.00000000E+00
1 36 36    1.00000000E+00
1 37 37    1.00000000E+00
1 38 38    1.00000000E+00
1 39 39    1.00000000E+00
1 40 40    1.00000000E+00
1 41 41    1.00000000E+00
1 42 42    1.00000000E+00
1 43 43    1.00000000E+00
1 44 44    1.00000000E+00
1 45 45    1.00000000E+00
1 46 46    1.00000000E+00
1 47 47    1.00000000E+00
1 48 48    1.00000000E+00
1 49 49    1.00000000E+00
1 50 50    1.00000000E+00
1 51 51    1.00000000E+00
1 52 52    1.00000000E+00
1 53 53    1.00000000E+00
1 54 54    1.00000000E+00
1 55 55    1.00000000E+00
1 56 56    1.00000000E+00
1 57 57    1.00000000E+00
1 58 58    1.00000000E+00
1 59 59    1.00000000E+00
1 60 60    1.00000000E+00
1 61 61    1.00000000E+00
1 62 62    1.00000000E+00
1 63 63    1.00000000E+00
1 64 64    1.00000000E+00
1 65 65    1.00000000E+00
1 66 66    1.00000000E+00
1 67 67    1.00000000E+00
1 68 68    1.00000000E+00
1 69 69    1.00000000E+00
1 70 70    1.00000000E+00
1 71 71    1.00000000E+00
1 72 72    1.00000000E+00
1 73 73    1.00000000E+00
1 74 74    1.00000000E+00
1 75 75    1.00000000E+00
1 76 76    1.00000000E+00
1 77 77    1.00000000E+00
1 78 78    1.00000000E+00
1 79 79    1.00000000E+00
1 80 80    1.00000000E+00
1 81 81    1.00000000E+00
1 82 82    1.00000000E+00
1 83 83    1.00000000E+00
1 84 84    1.00000000E+00
1 85 85    1.00000000E+00
1 86 86    1.00000000E+00
1 87 87    1.00000000E+00
1 88 88    1.00000000E+00
1 89 89    1.00000000E+00
1 90 90    1.00000000E+00
1 91 91    1.00000000E+00
1 92 92    1.00000000E+00
1 93 93    1.00000000E+00
1 94 94    1.00000000E+00
1 95 95    1.00000000E+00
1 96 96    1.00000000E+00
1 97 97    1.00000000E+00
1 98 98    1.00000000E+00
1 99 99    1.00000000E+00
1 100 100    1.00000000E+00
1 101 101    1.00000000E+00
1 102 102    1.00000000E+00
1 103 103    1.00000000E+00
1 104 104    1.00000000E+00
1 105 105    1.00000000E+00
1 106 106    1.00000000E+00
1 107 107    1.00000000E+00
1 108 108    1.00000000E+00
1 109 109    1.00000000E+00
1 110 110    1.00000000E+00
1 111 111    1.00000000E+00
1 112 112    1.00000000E+00
1 113 113    1.00000000E+00
1 114 114    1.00000000E+00
1 115 115    1.00000000E+00
1 116 116    1.00000000E+00
1 117 117    1.00000000E+00
1 118 118    1.00000000E+00
1 119 119    1.00000000E+00
1 120 120    1.00000000E+00
2 1 2    1.00000000E+00
2 2 1    1.00000000E+00
2 2 9    1.41421356E+00
2 3 10    1.00000000E+00
2 4 11    1.00000000E+00
2 5 12    1.00000000E+00
2 6 13    1.00000000E+00
2 7 14    1.00000000E+00
2 8 15    1.00000000E+00
2 9 2    1.41421356E+00
2 9 37    1.73205081E+00
2 10 3    1.00000000E+00
2 10 38    1.41421356E+00
2 11 4    1.00000000E+00
2 11 39    1.41421356E+00
2 12 5    1.00000000E+00
2 12 40    1.41421356E+00
2 13 6    1.00000000E+00
2 13 41    1.41421356E+00
2 14 7    1.00000000E+00
2 14 42    1.41421356E+00
2 15 8    1.00000000E+00
2 15 43    1.41421356E+00
2 16 44    1.00000000E+00
2 17 45    1.00000000E+00
2 18 46    1.00000000E+00
2 19 47    1.00000000E+00
2 20 48    1.00000000E+00
2 21 49    1.00000000E+00
2 22 50    1.00000000E+00
2 23 51    1.00000000E+00
2 24 52    1.00000000E+00
2 25 53    1.00000000E+00
2 26 54    1.00000000E+00
2 27 55    1.00000000E+00
2 28 56    1.00000000E+00
2 29 57    1.00000000E+00
2 30 58    1.00000000E+00
2 31 59    1.00000000E+00
2 32 60    1.00000000E+00
2 33 61    1.00000000E+00
2 34 62    1.00000000E+00
2 35 63    1.00000000E+00
2 36 64    1.00000000E+00
2 37 9    1.73205081E+00
2 38 10    1.41421356E+00
2 39 11    1.41421356E+00
2 40 12    1.41421356E+00
2 41 13    1.41421356E+00
2 42 14    1.41421356E+00
2 43 15    1.41421356E+00
2 44 16    1.00000000E+00
2 45 17    1.00000000E+00
2 46 18    1.00000000E+00
2 47 19    1.00000000E+00
2 48 20    1.00000000E+00
2 49 21    1.00000000E+00
2 50 22    1.00000000E+00
2 51 23    1.00000000E+00
2 52 24    1.00000000E+00
2 53 25    1.00000000E+00
2 54 26    1.00000000E+00
2 55 27    1.00000000E+00
2 56 28    1.00000000E+00
2 57 29    1.00000000E+00
2 58 30    1.00000000E+00
2 59 31    1.00000000E+00
2 60 32    1.00000000E+00
2 61 33    1.00000000E+00
2 62 34    1.00000000E+00
2 63 35    1.00000000E+00
2 64 36    1.00000000E+00
3 1 3    1.00000000E+00
3 2 10    1.00000000E+00
3 3 1    1.00000000E+00
3 3 16    1.41421356E+00
3 4 17    1.00000000E+00
3 5 18    1.00000000E+00
3 6 19    1.00000000E+00
3 7 20    1.00000000E+00
3 8 21    1.00000000E+00
3 9 38    1.00000000E+00
3 10 2    1.00000000E+00
3 10 44    1.41421356E+00
3 11 45    1.00000000E+00
3 12 46    1.00000000E+00
3 13 47    1.00000000E+00
3 14 48    1.00000000E+00
3 15 49    1.00000000E+00
3 16 3    1.41421356E+00
3 16 65    1.73205081E+00
3 17 4    1.00000000E+00
3 17 66    1.41421356E+00
3 18 5    1.00000000E+00
3 18 67    1.41421356E+00
3 19 6    1.00000000E+00
3 19 68    1.41421356E+00
3 20 7    1.00000000E+00
3 20 69    1.41421356E+00
3 21 8    1.00000000E+00
3 21 70    1.41421356E+00
3 22 71    1.00000000E+00
3 23 72    1.00000000E+00
3 24 73    1.00000000E+00
3 25 74    1.00000000E+00
3 26 75    1.00000000E+00
3 27 76    1.00000000E+00
3 28 77    1.00000000E+00
3 29 78    1.00000000E+00
3 30 79    1.00000000E+00
3 31 80    1.00000000E+00
3 32 81    1.00000000E+00
3 33 82    1.00000000E+00
3 34 83    1.00000000E+00
3 35 84    1.00000000E+00
3 36 85    1.00000000E+00
3 38 9    1.00000000E+00
3 44 10    1.41421356E+00
3 45 11    1.00000000E+00
3 46 12    1.00000000E+00
3 47 13    1.00000000E+00
3 48 14    1.00000000E+00
3 49 15    1.00000000E+00
3 65 16    1.73205081E+00
3 66 17    1.41421356E+00
3 67 18    1.41421356E+00
3 68 19    1.41421356E+00
3 69 20    1.41421356E+00
3 70 21    1.41421356E+00
3 71 22    1.00000000E+00
3 72 23    1.00000000E+00
3 73 24    1.00000000E+00
3 74 25    1.00000000E+00
3 75 26    1.00000000E+00
3 76 27    1.00000000E+00
3 77 28    1.00000000E+00
3 78 29    1.00000000E+00
3 79 30    1.00000000E+00
3 80 31    1.00000000E+00
3 81 32    1.00000000E+00
3 82 33    1.00000000E+00
3 83 34    1.00000000E+00
3 84 35    1.00000000E+00
3 85 36    1.00000000E+00
4 1 4    1.00000000E+00
4 2 11    1.00000000E+00
4 3 17    1.00000000E+00
4 4 1    1.00000000E+00
4 4 22    1.41421356E+00
4 5 23    1.00000000E+00
4 6 24    1.00000000E+00
4 7 25    1.00000000E+00
4 8 26    1.00000000E+00
4 9 39    1.00000000E+00
4 10 45    1.00000000E+00
4 11 2    1.00000000E+00
4 11 50    1.41421356E+00
4 12 51    1.00000000E+00
4 13 52    1.00000000E+00
4 14 53    1.00000000E+00
4 15 54    1.00000000E+00
4 16 66    1.00000000E+00
4 17 3    1.00000000E+00
4 17 71    1.41421356E+00
4 18 72    1.00000000E+00
4 19 73    1.00000000E+00
4 20 74    1.00000000E+00
4 21 75    1.00000000E+00
4 22 4    1.41421356E+00
4 22 86    1.73205081E+00
4 23 5    1.00000000E+00
4 23 87    1.41421356E+00
4 24 6    1.00000000E+00
4 24 88    1.41421356E+00
4 25 7    1.00000000E+00
4 25 89    1.41421356E+00
4 26 8    1.00000000E+00
4 26 90    1.41421356E+00
4 27 91    1.00000000E+00
4 28 92    1.00000000E+00
4 29 93    1.00000000E+00
4 30 94    1.00000000E+00
4 31 95    1.00000000E+00
4 32 96    1.00000000E+00
4 33 97    1.00000000E+00
4 34 98    1.00000000E+00
4 35 99    1.00000000E+00
4 36 100    1.00000000E+00
4 39 9    1.00000000E+00
4 45 10    1.00000000E+00
4 50 11    1.41421356E+00
4 51 12    1.00000000E+00
4 52 13    1.00000000E+00
4 53 14    1.00000000E+00
4 54 15    1.00000000E+00
4 66 16    1.00000000E+00
4 71 17    1.41421356E+00
4 72 18    1.00000000E+00
4 73 19    1.00000000E+00
4 74 20    1.00000000E+00
4 75 21    1.00000000E+00
4 86 22    1.73205081E+00
4 87 23    1.41421356E+00
4 88 24    1.41421356E+00
4 89 25    1.41421356E+00
4 90 26    1.41421356E+00
4 91 27    1.00000000E+00
4 92 28    1.00000000E+00
4 93 29    1.00000000E+00
4 94 30    1.00000000E+00
4 95 31    1.00000000E+00
4 96 32    1.00000000E+00
4 97 33    1.00000000E+00
4 98 34    1.00000000E+00
4 99 35    1.00000000E+00
4 100 36    1.00000000E+00
5 1 5    1.00000000E+00
5 2 12    1.00000000E+00
5 3 18    1.00000000E+00
5 4 23    1.00000000E+00
5 5 1    1.00000000E+00
5 5 27    1.41421356E+00
5 6 28    1.00000000E+00
5 7 29    1.00000000E+00
5 8 30    1.00000000E+00
5 9 40    1.00000000E+00
5 10 46    1.00000000E+00
5 11 51    1.00000000E+00
5 12 2    1.00000000E+00
5 12 55    1.41421356E+00
5 13 56    1.00000000E+00
5 14 57    1.00000000E+00
5 15 58    1.00000000E+00
5 16 67    1.00000000E+00
5 17 72    1.00000000E+00
5 18 3    1.00000000E+00
5 18 76    1.41421356E+00
5 19 77    1.00000000E+00
5 20 78    1.00000000E+00
5 21 79    1.00000000E+00
5 22 87    1.00000000E+00
5 23 4    1.00000000E+00
5 23 91    1.41421356E+00
5 24 92    1.00000000E+00
5 25 93    1.00000000E+00
5 26 94    1.00000000E+00
5 27 5    1.41421356E+00
5 27 101    1.73205081E+00
5 28 6    1.00000000E+00
5 28 102    1.41421356E+00
5 29 7    1.00000000E+00
5 29 103    1.41421356E+00
5 30 8    1.00000000E+00
5 30 104    1.41421356E+00
5 31 105    1.00000000E+00
5 32 106    1.00000000E+00
5 33 107    1.00000000E+00
5 34 108    1.00000000E+00
5 35 109    1.00000000E+00
5 36 110    1.00000000E+00
5 40 9    1.00000000E+00
5 46 10    1.00000000E+00
5 51 11    1.00000000E+00
5 55 12    1.41421356E+00
5 56 13    1.00000000E+00
5 57 14    1.00000000E+00
5 58 15    1.00000000E+00
5 67 16    1.00000000E+00
5 72 17    1.00000000E+00
5 76 18    1.41421356E+00
5 77 19    1.00000000E+00
5 78 20    1.00000000E+00
5 79 21    1.00000000E+00
5 87 22    1.00000000E+00
5 91 23    1.41421356E+00
5 92 24    1.00000000E+00
5 93 25    1.00000000E+00
5 94 26    1.00000000E+00
5 101 27    1.73205081E+00
5 102 28    1.41421356E+00
5 103 29    1.41421356E+00
5 104 30    1.41421356E+00
5 105 31    1.00000000E+00
5 106 32    1.00000000E+00
5 107 33    1.00000000E+00
5 108 34    1.00000000E+00
5 109 35    1.00000000E+00
5 110 36    1.00000000E+00
6 1 6    1.00000000E+00
6 2 13    1.00000000E+00
6 3 19    1.00000000E+00
6 4 24    1.00000000E+00
6 5 28    1.00000000E+00
6 6 1    1.00000000E+00
6 6 31    1.41421356E+00
6 7 32    1.00000000E+00
6 8 33    1.00000000E+00
6 9 41    1.00000000E+00
6 10 47    1.00000000E+00
6 11 52    1.00000000E+00
6 12 56    1.00000000E+00
6 13 2    1.00000000E+00
6 13 59    1.41421356E+00
6 14 60    1.00000000E+00
6 15 61    1.00000000E+00
6 16 68    1.00000000E+00
6 17 73    1.00000000E+00
6 18 77    1.00000000E+00
6 19 3    1.00000000E+00
6 19 80    1.41421356E+00
6 20 81    1.00000000E+00
6 21 82    1.00000000E+00
6 22 88    1.00000000E+00
6 23 92    1.00000000E+00
6 24 4    1.00000000E+00
6 24 95    1.41421356E+00
6 25 96    1.00000000E+00
6 26 97    1.00000000E+00
6 27 102    1.00000000E+00
6 28 5    1.00000000E+00
6 28 105    1.41421356E+00
6 29 106    1.00000000E+00
6 30 107    1.00000000E+00
6 31 6    1.41421356E+00
6 31 111    1.73205081E+00
6 32 7    1.00000000E+00
6 32 112    1.41421356E+00
6 33 8    1.00000000E+00
6 33 113    1.41421356E+00
6 34 114    1.00000000E+00
6 35 115    1.00000000E+00
6 36 116    1.00000000E+00
6 41 9    1.00000000E+00
6 47 10    1.00000000E+00
6 52 11    1.00000000E+00
6 56 12    1.00000000E+00
6 59 13    1.41421356E+00
6 60 14    1.00000000E+00
6 61 15    1.00000000E+00
6 68 16    1.00000000E+00
6 73 17    1.00000000E+00
6 77 18    1.00000000E+00
6 80 19    1.41421356E+00
6 81 20    1.00000000E+00
6 82 21    1.00000000E+00
6 88 22    1.00000000E+00
6 92 23    1.00000000E+00
6 95 24    1.41421356E+00
6 96 25    1.00000000E+00
6 97 26    1.00000000E+00
6 102 27    1.00000000E+00
6 105 28    1.41421356E+00
6 106 29    1.00000000E+00
6 107 30    1.00000000E+00
6 111 31    1.73205081E+00
6 112 32    1.41421356E+00
6 113 33    1.41421356E+00
6 114 34    1.00000000E+00
6 115 35    1.00000000E+00
6 116 36    1.00000000E+00
7 1 7    1.00000000E+00
7 2 14    1.00000000E+00
7 3 20    1.00000000E+00
7 4 25    1.00000000E+00
7 5 29    1.00000000E+00
7 6 32    1.00000000E+00
7 7 1    1.00000000E+00
7 7 34    1.41421356E+00
7 8 35    1.00000000E+00
7 9 42    1.00000000E+00
7 10 48    1.00000000E+00
7 11 53    1.00000000E+00
7 12 57    1.00000000E+00
7 13 60    1.00000000E+00
7 14 2    1.00000000E+00
7 14 62    1.41421356E+00
7 15 63    1.00000000E+00
7 16 69    1.00000000E+00
7 17 74    1.00000000E+00
7 18 78    1.00000000E+00
7 19 81    1.00000000E+00
7 20 3    1.00000000E+00
7 20 83    1.41421356E+00
7 21 84    1.00000000E+00
7 22 89    1.00000000E+00
7 23 93    1.00000000E+00
7 24 96    1.00000000E+00
7 25 4    1.00000000E+00
7 25 98    1.41421356E+00
7 26 99    1.00000000E+00
7 27 103    1.00000000E+00
7 28 106    1.00000000E+00
7 29 5    1.00000000E+00
7 29 108    1.41421356E+00
7 30 109    1.00000000E+00
7 31 112    1.00000000E+00
7 32 6    1.00000000E+00
7 32 114    1.41421356E+00
7 33 115    1.00000000E+00
7 34 7    1.41421356E+00
7 34 117    1.73205081E+00
7 35 8    1.00000000E+00
7 35 118    1.41421356E+00
7 36 119    1.00000000E+00
7 42 9    1.00000000E+00
7 48 10    1.00000000E+00
7 53 11    1.00000000E+00
7 57 12    1.00000000E+00
7 60 13    1.00000000E+00
7 62 14    1.41421356E+00
7 63 15    1.00000000E+00
7 69 16    1.00000000E+00
7 74 17    1.00000000E+00
7 78 18    1.00000000E+00
7 81 19    1.00000000E+00
7 83 20    1.41421356E+00
7 84 21    1.00000000E+00
7 89 22    1.00000000E+00
7 93 23    1.00000000E+00
7 96 24    1.00000000E+00
7 98 25    1.41421356E+00
7 99 26    1.00000000E+00
7 103 27    1.00000000E+00
7 106 28    1.00000000E+00
7 108 29    1.41421356E+00
7 109 30    1.00000000E+00
7 112 31    1.00000000E+00
7 114 32    1.41421356E+00
7 115 33    1.00000000E+00
7 117 34    1.73205081E+00
7 118 35    1.41421356E+00
7 119 36    1.00000000E+00
8 1 8    1.00000000E+00
8 2 15    1.00000000E+00
8 3 21    1.00000000E+00
8 4 26    1.00000000E+00
8 5 30    1.00000000E+00
8 6 33    1.00000000E+00
8 7 35    1.00000000E+00
8 8 1    1.00000000E+00
8 8 36    1.41421356E+00
8 9 43    1.00000000E+00
8 10 49    1.00000000E+00
8 11 54    1.00000000E+00
8 12 58    1.00000000E+00
8 13 61    1.00000000E+00
8 14 63    1.00000000E+00
8 15 2    1.00000000E+00
8 15 64    1.41421356E+00
8 16 70    1.00000000E+00
8 17 75    1.00000000E+00
8 18 79    1.00000000E+00
8 19 82    1.00000000E+00
8 20 84    1.00000000E+00
8 21 3    1.00000000E+00
8 21 85    1.41421356E+00
8 22 90    1.00000000E+00
8 23 94    1.00000000E+00
8 24 97    1.00000000E+00
8 25 99    1.00000000E+00
8 26 4    1.00000000E+00
8 26 100    1.41421356E+00
8 27 104    1.00000000E+00
8 28 107    1.00000000E+00
8 29 109    1.00000000E+00
8 30 5    1.00000000E+00
8 30 110    1.41421356E+00
8 31 113    1.00000000E+00
8 32 115    1.00000000E+00
8 33 6    1.00000000E+00
8 33 116    1.41421356E+00
8 34 118    1.00000000E+00
8 35 7    1.00000000E+00
8 35 119    1.41421356E+00
8 36 8    1.41421356E+00
8 36 120    1.73205081E+00
8 43 9    1.00000000E+00
8 49 10    1.00000000E+00
8 54 11    1.00000000E+00
8 58 12    1.00000000E+00
8 61 13    1.00000000E+00
8 63 14    1.00000000E+00
8 64 15    1.41421356E+00
8 70 16    1.00000000E+00
8 75 17    1.00000000E+00
8 79 18    1.00000000E+00
8 82 19    1.00000000E+00
8 84 20    1.00000000E+00
8 85 21    1.41421356E+00
8 90 22    1.00000000E+00
8 94 23    1.00000000E+00
8 97 24    1.00000000E+00
8 99 25    1.00000000E+00
8 100 26    1.41421356E+00
8 104 27    1.00000000E+00
8 107 28    1.00000000E+00
8 109 29    1.00000000E+00
8 110 30    1.41421356E+00
8 113 31    1.00000000E+00
8 115 32    1.00000000E+00
8 116 33    1.41421356E+00
8 118 34    1.00000000E+00
8 119 35    1.41421356E+00
8 120 36    1.73205081E+00
9 1 9    1.00000000E+00
9 2 2    1.41421356E+00
9 2 37    1.73205081E+00
9 3 38    1.00000000E+00
9 4 39    1.00000000E+00
9 5 40    1.00000000E+00
9 6 41    1.00000000E+00
9 7 42    1.00000000E+00
9 8 43    1.00000000E+00
9 9 1    1.00000000E+00
9 9 9    2.82842712E+00
9 10 10    1.41421356E+00
9 11 11    1.41421356E+00
9 12 12    1.41421356E+00
9 13 13    1.41421356E+00
9 14 14    1.41421356E+00
9 15 15    1.41421356E+00
9 37 2    1.73205081E+00
9 37 37    4.24264069E+00
9 38 3    1.00000000E+00
9 38 38    2.82842712E+00
9 39 4    1.00000000E+00
9 39 39    2.82842712E+00
9 40 5    1.00000000E+00
9 40 40    2.82842712E+00
9 41 6    1.00000000E+00
9 41 41    2.82842712E+00
9 42 7    1.00000000E+00
9 42 42    2.82842712E+00
9 43 8    1.00000000E+00
9 43 43    2.82842712E+00
9 44 44    1.41421356E+00
9 45 45    1.41421356E+00
9 46 46    1.41421356E+00
9 47 47    1.41421356E+00
9 48 48    1.41421356E+00
9 49 49    1.41421356E+00
9 50 50    1.41421356E+00
9 51 51    1.41421356E+00
9 52 52    1.41421356E+00
9 53 53    1.41421356E+00
9 54 54    1.41421356E+00
9 55 55    1.41421356E+00
9 56 56    1.41421356E+00
9 57 57    1.41421356E+00
9 58 58    1.41421356E+00
9 59 59    1.41421356E+00
9 60 60    1.41421356E+00
9 61 61    1.41421356E+00
9 62 62    1.41421356E+00
9 63 63    1.41421356E+00
9 64 64    1.41421356E+00
10 1 10    1.00000000E+00
10 2 3    1.00000000E+00
10 2 38    1.41421356E+00
10 3 2    1.00000000E+00
10 3 44    1.41421356E+00
10 4 45    1.00000000E+00
10 5 46    1.00000000E+00
10 6 47    1.00000000E+00
10 7 48    1.00000000E+00
10 8 49    1.00000000E+00
10 9 10    1.41421356E+00
10 10 1    1.00000000E+00
10 10 9    1.41421356E+00
10 10 16    1.41421356E+00
10 11 17    1.00000000E+00
10 12 18    1.00000000E+00
10 13 19    1.00000000E+00
10 14 20    1.00000000E+00
10 15 21    1.00000000E+00
10 16 10    1.41421356E+00
10 17 11    1.00000000E+00
10 18 12    1.00000000E+00
10 19 13    1.00000000E+00
10 20 14    1.00000000E+00
10 21 15    1.00000000E+00
10 37 38    1.73205081E+00
10 38 2    1.41421356E+00
10 38 37    1.73205081E+00
10 38 44    2.00000000E+00
10 39 45    1.41421356E+00
10 40 46    1.41421356E+00
10 41 47    1.41421356E+00
10 42 48    1.41421356E+00
10 43 49    1.41421356E+00
10 44 3    1.41421356E+00
10 44 38    2.00000000E+00
10 44 65    1.73205081E+00
10 45 4    1.00000000E+00
10 45 39    1.41421356E+00
10 45 66    1.41421356E+00
10 46 5    1.00000000E+00
10 46 40    1.41421356E+00
10 46 67    1.41421356E+00
10 47 6    1.00000000E+00
10 47 41    1.41421356E+00
10 47 68    1.41421356E+00
10 48 7    1.00000000E+00
10 48 42    1.41421356E+00
10 48 69    1.41421356E+00
10 49 8    1.00000000E+00
10 49 43    1.41421356E+00
10 49 70    1.41421356E+00
10 50 71    1.00000000E+00
10 51 72    1.00000000E+00
10 52 73    1.00000000E+00
10 53 74    1.00000000E+00
10 54 75    1.00000000E+00
10 55 76    1.00000000E+00
10 56 77    1.00000000E+00
10 57 78    1.00000000E+00
10 58 79    1.00000000E+00
10 59 80    1.00000000E+00
10 60 81    1.00000000E+00
10 61 82    1.00000000E+00
10 62 83    1.00000000E+00
10 63 84    1.00000000E+00
10 64 85    1.00000000E+00
10 65 44    1.73205081E+00
10 66 45    1.41421356E+00
10 67 46    1.41421356E+00
10 68 47    1.41421356E+00
10 69 48    1.41421356E+00
10 70 49    1.41421356E+00
10 71 50    1.00000000E+00
10 72 51    1.00000000E+00
10 73 52    1.00000000E+00
10 74 53    1.00000000E+00
10 75 54    1.00000000E+00
10 76 55    1.00000000E+00
10 77 56    1.00000000E+00
10 78 57    1.00000000E+00
10 79 58    1.00000000E+00
10 80 59    1.00000000E+00
10 81 60    1.00000000E+00
10 82 61    1.00000000E+00
10 83 62    1.00000000E+00
10 84 63    1.00000000E+00
10 85 64    1.00000000E+00
11 1 11    1.00000000E+00
11 2 4    1.00000000E+00
11 2 39    1.41421356E+00
11 3 45    1.00000000E+00
11 4 2    1.00000000E+00
11 4 50    1.41421356E+00
11 5 51    1.00000000E+00
11 6 52    1.00000000E+00
11 7 53    1.00000000E+00
11 8 54    1.00000000E+00
11 9 11    1.41421356E+00
11 10 17    1.00000000E+00
11 11 1    1.00000000E+00
11 11 9    1.41421356E+00
11 11 22    1.41421356E+00
11 12 23    1.00000000E+00
11 13 24    1.00000000E+00
11 14 25    1.00000000E+00
11 15 26    1.00000000E+00
11 17 10    1.00000000E+00
11 22 11    1.41421356E+00
11 23 12    1.00000000E+00
11 24 13    1.00000000E+00
11 25 14    1.00000000E+00
11 26 15    1.00000000E+00
11 37 39    1.73205081E+00
11 38 45    1.41421356E+00
11 39 2    1.41421356E+00
11 39 37    1.73205081E+00
11 39 50    2.00000000E+00
11 40 51    1.41421356E+00
11 41 52    1.41421356E+00
11 42 53    1.41421356E+00
11 43 54    1.41421356E+00
11 44 66    1.00000000E+00
11 45 3    1.00000000E+00
11 45 38    1.41421356E+00
11 45 71    1.41421356E+00
11 46 72    1.00000000E+00
11 47 73    1.00000000E+00
11 48 74    1.00000000E+00
11 49 75    1.00000000E+00
11 50 4    1.41421356E+00
11 50 39    2.00000000E+00
11 50 86    1.73205081E+00
11 51 5    1.00000000E+00
11 51 40    1.41421356E+00
11 51 87    1.41421356E+00
11 52 6    1.00000000E+00
11 52 41    1.41421356E+00
11 52 88    1.41421356E+00
11 53 7    1.00000000E+00
11 53 42    1.41421356E+00
11 53 89    1.41421356E+00
11 54 8    1.00000000E+00
11 54 43    1.41421356E+00
11 54 90    1.41421356E+00
11 55 91    1.00000000E+00
11 56 92    1.00000000E+00
11 57 93    1.00000000E+00
11 58 94    1.00000000E+00
11 59 95    1.00000000E+00
11 60 96    1.00000000E+00
11 61 97    1.00000000E+00
11 62 98    1.00000000E+00
11 63 99    1.00000000E+00
11 64 100    1.00000000E+00
11 66 44    1.00000000E+00
11 71 45    1.41421356E+00
11 72 46    1.00000000E+00
11 73 47    1.00000000E+00
11 74 48    1.00000000E+00
11 75 49    1.00000000E+00
11 86 50    1.73205081E+00
11 87 51    1.41421356E+00
11 88 52    1.41421356E+00
11 89 53    1.41421356E+00
11 90 54    1.41421356E+00
11 91 55    1.00000000E+00
11 92 56    1.00000000E+00
11 93 57    1.00000000E+00
11 94 58    1.00000000E+00
11 95 59    1.00000000E+00
11 96 60    1.00000000E+00
11 97 61    1.00000000E+00
11 98 62    1.00000000E+00
11 99 63    1.00000000E+00
11 100 64    1.00000000E+00
12 1 12    1.00000000E+00
12 2 5    1.00000000E+00
12 2 40    1.41421356E+00
12 3 46    1.00000000E+00
12 4 51    1.00000000E+00
12 5 2    1.00000000E+00
12 5 55    1.41421356E+00
12 6 56    1.00000000E+00
12 7 57    1.00000000E+00
12 8 58    1.00000000E+00
12 9 12    1.41421356E+00
12 10 18    1.00000000E+00
12 11 23    1.00000000E+00
12 12 1    1.00000000E+00
12 12 9    1.41421356E+00
12 12 27    1.41421356E+00
12 13 28    1.00000000E+00
12 14 29    1.00000000E+00
12 15 30    1.00000000E+00
12 18 10    1.00000000E+00
12 23 11    1.00000000E+00
12 27 12    1.41421356E+00
12 28 13    1.00000000E+00
12 29 14    1.00000000E+00
12 30 15    1.00000000E+00
12 37 40    1.73205081E+00
12 38 46    1.41421356E+00
12 39 51    1.41421356E+00
12 40 2    1.41421356E+00
12 40 37    1.73205081E+00
12 40 55    2.00000000E+00
12 41 56    1.41421356E+00
12 42 57    1.41421356E+00
12 43 58    1.41421356E+00
12 44 67    1.00000000E+00
12 45 72    1.00000000E+00
12 46 3    1.00000000E+00
12 46 38    1.41421356E+00
12 46 76    1.41421356E+00
12 47 77    1.00000000E+00
12 48 78    1.00000000E+00
12 49 79    1.00000000E+00
12 50 87    1.00000000E+00
12 51 4    1.00000000E+00
12 51 39    1.41421356E+00
12 51 91    1.41421356E+00
12 52 92    1.00000000E+00
12 53 93    1.00000000E+00
12 54 94    1.00000000E+00
12 55 5    1.41421356E+00
12 55 40    2.00000000E+00
12 55 101    1.73205081E+00
12 56 6    1.00000000E+00
12 56 41    1.41421356E+00
12 56 102    1.41421356E+00
12 57 7    1.00000000E+00
12 57 42    1.41421356E+00
12 57 103    1.41421356E+00
12 58 8    1.00000000E+00
12 58 43    1.41421356E+00
12 58 104    1.41421356E+00
12 59 105    1.00000000E+00
12 60 106    1.00000000E+00
12 61 107    1.00000000E+00
12 62 108    1.00000000E+00
12 63 109    1.00000000E+00
12 64 110    1.00000000E+00
12 67 44    1.00000000E+00
12 72 45    1.00000000E+00
12 76 46    1.41421356E+00
12 77 47    1.00000000E+00
12 78 48    1.00000000E+00
12 79 49    1.00000000E+00
12 87 50    1.00000000E+00
12 91 51    1.41421356E+00
12 92 52    1.00000000E+00
12 93 53    1.00000000E+00
12 94 54    1.00000000E+00
12 101 55    1.73205081E+00
12 102 56    1.41421356E+00
12 103 57    1.41421356E+00
12 104 58    1.41421356E+00
12 105 59    1.00000000E+00
12 106 60    1.00000000E+00
12 107 61    1.00000000E+00
12 108 62    1.00000000E+00
12 109 63    1.00000000E+00
12 110 64    1.00000000E+00
13 1 13    1.00000000E+00
13 2 6    1.00000000E+00
13 2 41    1.41421356E+00
13 3 47    1.00000000E+00
13 4 52    1.00000000E+00
13 5 56    1.00000000E+00
13 6 2    1.00000000E+00
13 6 59    1.41421356E+00
13 7 60    1.00000000E+00
13 8 61    1.00000000E+00
13 9 13    1.41421356E+00
13 10 19    1.00000000E+00
13 11 24    1.00000000E+00
13 12 28    1.00000000E+00
13 13 1    1.00000000E+00
13 13 9    1.41421356E+00
13 13 31    1.41421356E+00
13 14 32    1.00000000E+00
13 15 33    1.00000000E+00
13 19 10    1.00000000E+00
13 24 11    1.00000000E+00
13 28 12    1.00000000E+00
13 31 13    1.41421356E+00
13 32 14    1.00000000E+00
13 33 15    1.00000000E+00
13 37 41    1.73205081E+00
13 38 47    1.41421356E+00
13 39 52    1.41421356E+00
13 40 56    1.41421356E+00
13 41 2    1.41421356E+00
13 41 37    1.73205081E+00
13 41 59    2.00000000E+00
13 42 60    1.41421356E+00
13 43 61    1.41421356E+00
13 44 68    1.00000000E+00
13 45 73    1.00000000E+00
13 46 77    1.00000000E+00
13 47 3    1.00000000E+00
13 47 38    1.41421356E+00
13 47 80    1.41421356E+00
13 48 81    1.00000000E+00
13 49 82    1.00000000E+00
13 50 88    1.00000000E+00
13 51 92    1.00000000E+00
13 52 4    1.00000000E+00
13 52 39    1.41421356E+00
13 52 95    1.41421356E+00
13 53 96    1.00000000E+00
13 54 97    1.00000000E+00
13 55 102    1.00000000E+00
13 56 5    1.00000000E+00
13 56 40    1.41421356E+00
13 56 105    1.41421356E+00
13 57 106    1.00000000E+00
13 58 107    1.00000000E+00
13 59 6    1.41421356E+00
13 59 41    2.00000000E+00
13 59 111    1.73205081E+00
13 60 7    1.00000000E+00
13 60 42    1.41421356E+00
13 60 112    1.41421356E+00
13 61 8    1.00000000E+00
13 61 43    1.41421356E+00
13 61 113    1.41421356E+00
13 62 114    1.00000000E+00
13 63 115    1.00000000E+00
13 64 116    1.00000000E+00
13 68 44    1.00000000E+00
13 73 45    1.00000000E+00
13 77 46    1.00000000E+00
13 80 47    1.41421356E+00
13 81 48    1.00000000E+00
13 82 49    1.00000000E+00
13 88 50    1.00000000E+00
13 92 51    1.00000000E+00
13 95 52    1.41421356E+00
13 96 53    1.00000000E+00
13 97 54    1.00000000E+00
13 102 55    1.00000000E+00
13 105 56    1.41421356E+00
13 106 57    1.00000000E+00
13 107 58    1.00000000E+00
13 111 59    1.73205081E+00
13 112 60    1.41421356E+00
13 113 61    1.41421356E+00
13 114 62    1.00000000E+00
13 115 63    1.00000000E+00
13 116 64    1.00000000E+00
14 1 14    1.00000000E+00
14 2 7    1.00000000E+00
14 2 42    1.41421356E+00
14 3 48    1.00000000E+00
14 4 53    1.00000000E+00
14 5 57    1.00000000E+00
14 6 60    1.00000000E+00
14 7 2    1.00000000E+00
14 7 62    1.41421356E+00
14 8 63    1.00000000E+00
14 9 14    1.41421356E+00
14 10 20    1.00000000E+00
14 11 25    1.00000000E+00
14 12 29    1.00000000E+00
14 13 32    1.00000000E+00
14 14 1    1.00000000E+00
14 14 9    1.41421356E+00
14 14 34    1.41421356E+00
14 15 35    1.00000000E+00
14 20 10    1.00000000E+00
14 25 11    1.00000000E+00
14 29 12    1.00000000E+00
14 32 13    1.00000000E+00
14 34 14    1.41421356E+00
14 35 15    1.00000000E+00
14 37 42    1.73205081E+00
14 38 48    1.41421356E+00
14 39 53    1.41421356E+00
14 40 57    1.41421356E+00
14 41 60    1.41421356E+00
14 42 2    1.41421356E+00
14 42 37    1.73205081E+00
14 42 62    2.00000000E+00
14 43 63    1.41421356E+00
14 44 69    1.00000000E+00
14 45 74    1.00000000E+00
14 46 78    1.00000000E+00
14 47 81    1.00000000E+00
14 48 3    1.00000000E+00
14 48 38    1.41421356E+00
14 48 83    1.41421356E+00
14 49 84    1.00000000E+00
14 50 89    1.00000000E+00
14 51 93    1.00000000E+00
14 52 96    1.00000000E+00
14 53 4    1.00000000E+00
14 53 39    1.41421356E+00
14 53 98    1.41421356E+00
14 54 99    1.00000000E+00
14 55 103    1.00000000E+00
14 56 106    1.00000000E+00
14 57 5    1.00000000E+00
14 57 40    1.41421356E+00
14 57 108    1.41421356E+00
14 58 109    1.00000000E+00
14 59 112    1.00000000E+00
14 60 6    1.00000000E+00
14 60 41    1.41421356E+00
14 60 114    1.41421356E+00
14 61 115    1.00000000E+00
14 62 7    1.41421356E+00
14 62 42    2.00000000E+00
14 62 117    1.73205081E+00
14 63 8    1.00000000E+00
14 63 43    1.41421356E+00
14 63 118    1.41421356E+00
14 64 119    1.00000000E+00
14 69 44    1.00000000E+00
14 74 45    1.00000000E+00
14 78 46    1.00000000E+00
14 81 47    1.00000000E+00
14 83 48    1.41421356E+00
14 84 49    1.00000000E+00
14 89 50    1.00000000E+00
14 93 51    1.00000000E+00
14 96 52    1.00000000E+00
14 98 53    1.41421356E+00
14 99 54    1.00000000E+00
14 103 55    1.00000000E+00
14 106 56    1.00000000E+00
14 108 57    1.41421356E+00
14 109 58    1.00000000E+00
14 112 59    1.00000000E+00
14 114 60    1.41421356E+00
14 115 61    1.00000000E+00
14 117 62    1.73205081E+00
14 118 63    1.41421356E+00
14 119 64    1.00000000E+00
15 1 15    1.00000000E+00
15 2 8    1.00000000E+00
15 2 43    1.41421356E+00
15 3 49    1.00000000E+00
15 4 54    1.00000000E+00
15 5 58    1.00000000E+00
15 6 61    1.00000000E+00
15 7 63    1.00000000E+00
15 8 2    1.00000000E+00
15 8 64    1.41421356E+00
15 9 15    1.41421356E+00
15 10 21    1.00000000E+00
15 11 26    1.00000000E+00
15 12 30    1.00000000E+00
15 13 33    1.00000000E+00
15 14 35    1.00000000E+00
15 15 1    1.00000000E+00
15 15 9    1.41421356E+00
15 15 36    1.41421356E+00
15 21 10    1.00000000E+00
15 26 11    1.00000000E+00
15 30 12    1.00000000E+00
15 33 13    1.00000000E+00
15 35 14    1.00000000E+00
15 36 15    1.41421356E+00
15 37 43    1.73205081E+00
15 38 49    1.41421356E+00
15 39 54    1.41421356E+00
15 40 58    1.41421356E+00
15 41 61    1.41421356E+00
15 42 63    1.41421356E+00
15 43 2    1.41421356E+00
15 43 37    1.73205081E+00
15 43 64    2.00000000E+00
15 44 70    1.00000000E+00
15 45 75    1.00000000E+00
15 46 79    1.00000000E+00
15 47 82    1.00000000E+00
15 48 84    1.00000000E+00
15 49 3    1.00000000E+00
15 49 38    1.41421356E+00
15 49 85    1.41421356E+00
15 50 90    1.00000000E+00
15 51 94    1.00000000E+00
15 52 97    1.00000000E+00
15 53 99    1.00000000E+00
15 54 4    1.00000000E+00
15 54 39    1.41421356E+00
15 54 100    1.41421356E+00
15 55 104    1.00000000E+00
15 56 107    1.00000000E+00
15 57 109    1.00000000E+00
15 58 5    1.00000000E+00
15 58 40    1.41421356E+00
15 58 110    1.41421356E+00
15 59 113    1.00000000E+00
15 60 115    1.00000000E+00
15 61 6    1.00000000E+00
15 61 41    1.41421356E+00
15 61 116    1.41421356E+00
15 62 118    1.00000000E+00
15 63 7    1.00000000E+00
15 63 42    1.41421356E+00
15 63 119    1.41421356E+00
15 64 8    1.41421356E+00
15 64 43    2.00000000E+00
15 64 120    1.73205081E+00
15 70 44    1.00000000E+00
15 75 45    1.00000000E+00
15 79 46    1.00000000E+00
15 82 47    1.00000000E+00
15 84 48    1.00000000E+00
15 85 49    1.41421356E+00
15 90 50    1.00000000E+00
15 94 51    1.00000000E+00
15 97 52    1.00000000E+00
15 99 53    1.00000000E+00
15 100 54    1.41421356E+00
15 104 55    1.00000000E+00
15 107 56    1.00000000E+00
15 109 57    1.00000000E+00
15 110 58    1.41421356E+00
15 113 59    1.00000000E+00
15 115 60    1.00000000E+00
15 116 61    1.41421356E+00
15 118 62    1.00000000E+00
15 119 63    1.41421356E+00
15 120 64    1.73205081E+00
16 1 16    1.00000000E+00
16 2 44    1.00000000E+00
16 3 3    1.41421356E+00
16 3 65    1.73205081E+00
16 4 66    1.00000000E+00
16 5 67    1.00000000E+00
16 6 68    1.00000000E+00
16 7 69    1.00000000E+00
16 8 70    1.00000000E+00
16 10 10    1.41421356E+00
16 16 1    1.00000000E+00
16 16 16    2.82842712E+00
16 17 17    1.41421356E+00
16 18 18    1.41421356E+00
16 19 19    1.41421356E+00
16 20 20    1.41421356E+00
16 21 21    1.41421356E+00
16 38 38    1.41421356E+00
16 44 2    1.00000000E+00
16 44 44    2.82842712E+00
16 45 45    1.41421356E+00
16 46 46    1.41421356E+00
16 47 47    1.41421356E+00
16 48 48    1.41421356E+00
16 49 49    1.41421356E+00
16 65 3    1.73205081E+00
16 65 65    4.24264069E+00
16 66 4    1.00000000E+00
16 66 66    2.82842712E+00
16 67 5    1.00000000E+00
16 67 67    2.82842712E+00
16 68 6    1.00000000E+00
16 68 68    2.82842712E+00
16 69 7    1.00000000E+00
16 69 69    2.82842712E+00
16 70 8    1.00000000E+00
16 70 70    2.82842712E+00
16 71 71    1.41421356E+00
16 72 72    1.41421356E+00
16 73 73    1.41421356E+00
16 74 74    1.41421356E+00
16 75 75    1.41421356E+00
16 76 76    1.41421356E+00
16 77 77    1.41421356E+00
16 78 78    1.41421356E+00
16 79 79    1.41421356E+00
16 80 80    1.41421356E+00
16 81 81    1.41421356E+00
16 82 82    1.41421356E+00
16 83 83    1.41421356E+00
16 84 84    1.41421356E+00
16 85 85    1.41421356E+00
17 1 17    1.00000000E+00
17 2 45    1.00000000E+00
17 3 4    1.00000000E+00
17 3 66    1.41421356E+00
17 4 3    1.00000000E+00
17 4 71    1.41421356E+00
17 5 72    1.00000000E+00
17 6 73    1.00000000E+00
17 7 74    1.00000000E+00
17 8 75    1.00000000E+00
17 10 11    1.00000000E+00
17 11 10    1.00000000E+00
17 16 17    1.41421356E+00
17 17 1    1.00000000E+00
17 17 16    1.41421356E+00
17 17 22    1.41421356E+00
17 18 23    1.00000000E+00
17 19 24    1.00000000E+00
17 20 25    1.00000000E+00
17 21 26    1.00000000E+00
17 22 17    1.41421356E+00
17 23 18    1.00000000E+00
17 24 19    1.00000000E+00
17 25 20    1.00000000E+00
17 26 21    1.00000000E+00
17 38 39    1.00000000E+00
17 39 38    1.00000000E+00
17 44 45    1.41421356E+00
17 45 2    1.00000000E+00
17 45 44    1.41421356E+00
17 45 50    1.41421356E+00
17 46 51    1.00000000E+00
17 47 52    1.00000000E+00
17 48 53    1.00000000E+00
17 49 54    1.00000000E+00
17 50 45    1.41421356E+00
17 51 46    1.00000000E+00
17 52 47    1.00000000E+00
17 53 48    1.00000000E+00
17 54 49    1.00000000E+00
17 65 66    1.73205081E+00
17 66 3    1.41421356E+00
17 66 65    1.73205081E+00
17 66 71    2.00000000E+00
17 67 72    1.41421356E+00
17 68 73    1.41421356E+00
17 69 74    1.41421356E+00
17 70 75    1.41421356E+00
17 71 4    1.41421356E+00
17 71 66    2.00000000E+00
17 71 86    1.73205081E+00
17 72 5    1.00000000E+00
17 72 67    1.41421356E+00
17 72 87    1.41421356E+00
17 73 6    1.00000000E+00
17 73 68    1.41421356E+00
17 73 88    1.41421356E+00
17 74 7    1.00000000E+00
17 74 69    1.41421356E+00
17 74 89    1.41421356E+00
17 75 8    1.00000000E+00
17 75 70    1.41421356E+00
17 75 90    1.41421356E+00
17 76 91    1.00000000E+00
17 77 92    1.00000000E+00
17 78 93    1.00000000E+00
17 79 94    1.00000000E+00
17 80 95    1.00000000E+00
17 81 96    1.00000000E+00
17 82 97    1.00000000E+00
17 83 98    1.00000000E+00
17 84 99    1.00000000E+00
17 85 100    1.00000000E+00
17 86 71    1.73205081E+00
17 87 72    1.41421356E+00
17 88 73    1.41421356E+00
17 89 74    1.41421356E+00
17 90 75    1.41421356E+00
17 91 76    1.00000000E+00
17 92 77    1.00000000E+00
17 93 78    1.00000000E+00
17 94 79    1.00000000E+00
17 95 80    1.00000000E+00
17 96 81    1.00000000E+00
17 97 82    1.00000000E+00
17 98 83    1.00000000E+00
17 99 84    1.00000000E+00
17 100 85    1.00000000E+00
18 1 18    1.00000000E+00
18 2 46    1.00000000E+00
18 3 5    1.00000000E+00
18 3 67    1.41421356E+00
18 4 72    1.00000000E+00
18 5 3    1.00000000E+00
18 5 76    1.41421356E+00
18 6 77    1.00000000E+00
18 7 78    1.00000000E+00
18 8 79    1.00000000E+00
18 10 12    1.00000000E+00
18 12 10    1.00000000E+00
18 16 18    1.41421356E+00
18 17 23    1.00000000E+00
18 18 1    1.00000000E+00
18 18 16    1.41421356E+00
18 18 27    1.41421356E+00
18 19 28    1.00000000E+00
18 20 29    1.00000000E+00
18 21 30    1.00000000E+00
18 23 17    1.00000000E+00
18 27 18    1.41421356E+00
18 28 19    1.00000000E+00
18 29 20    1.00000000E+00
18 30 21    1.00000000E+00
18 38 40    1.00000000E+00
18 40 38    1.00000000E+00
18 44 46    1.41421356E+00
18 45 51    1.00000000E+00
18 46 2    1.00000000E+00
18 46 44    1.41421356E+00
18 46 55    1.41421356E+00
18 47 56    1.00000000E+00
18 48 57    1.00000000E+00
18 49 58    1.00000000E+00
18 51 45    1.00000000E+00
18 55 46    1.41421356E+00
18 56 47    1.00000000E+00
18 57 48    1.00000000E+00
18 58 49    1.00000000E+00
18 65 67    1.73205081E+00
18 66 72    1.41421356E+00
18 67 3    1.41421356E+00
18 67 65    1.73205081E+00
18 67 76    2.00000000E+00
18 68 77    1.41421356E+00
18 69 78    1.41421356E+00
18 70 79    1.41421356E+00
18 71 87    1.00000000E+00
18 72 4    1.00000000E+00
18 72 66    1.41421356E+00
18 72 91    1.41421356E+00
18 73 92    1.00000000E+00
18 74 93    1.00000000E+00
18 75 94    1.00000000E+00
18 76 5    1.41421356E+00
18 76 67    2.00000000E+00
18 76 101    1.73205081E+00
18 77 6    1.00000000E+00
18 77 68    1.41421356E+00
18 77 102    1.41421356E+00
18 78 7    1.00000000E+00
18 78 69    1.41421356E+00
18 78 103    1.41421356E+00
18 79 8    1.00000000E+00
18 79 70    1.41421356E+00
18 79 104    1.41421356E+00
18 80 105    1.00000000E+00
18 81 106    1.00000000E+00
18 82 107    1.00000000E+00
18 83 108    1.00000000E+00
18 84 109    1.00000000E+00
18 85 110    1.00000000E+00
18 87 71    1.00000000E+00
18 91 72    1.41421356E+00
18 92 73    1.00000000E+00
18 93 74    1.00000000E+00
18 94 75    1.00000000E+00
18 101 76    1.73205081E+00
18 102 77    1.41421356E+00
18 103 78    1.41421356E+00
18 104 79    1.41421356E+00
18 105 80    1.00000000E+00
18 106 81    1.00000000E+00
18 107 82    1.00000000E+00
18 108 83    1.00000000E+00
18 109 84    1.00000000E+00
18 110 85    1.00000000E+00
19 1 19    1.00000000E+00
19 2 47    1.00000000E+00
19 3 6    1.00000000E+00
19 3 68    1.41421356E+00
19 4 73    1.00000000E+00
19 5 77    1.00000000E+00
19 6 3    1.00000000E+00
19 6 80    1.41421356E+00
19 7 81    1.00000000E+00
19 8 82    1.00000000E+00
19 10 13    1.00000000E+00
19 13 10    1.00000000E+00
19 16 19    1.41421356E+00
19 17 24    1.00000000E+00
19 18 28    1.00000000E+00
19 19 1    1.00000000E+00
19 19 16    1.41421356E+00
19 19 31    1.41421356E+00
19 20 32    1.00000000E+00
19 21 33    1.00000000E+00
19 24 17    1.00000000E+00
19 28 18    1.00000000E+00
19 31 19    1.41421356E+00
19 32 20    1.00000000E+00
19 33 21    1.00000000E+00
19 38 41    1.00000000E+00
19 41 38    1.00000000E+00
19 44 47    1.41421356E+00
19 45 52    1.00000000E+00
19 46 56    1.00000000E+00
19 47 2    1.00000000E+00
19 47 44    1.41421356E+00
19 47 59    1.41421356E+00
19 48 60    1.00000000E+00
19 49 61    1.00000000E+00
19 52 45    1.00000000E+00
19 56 46    1.00000000E+00
19 59 47    1.41421356E+00
19 60 48    1.00000000E+00
19 61 49    1.00000000E+00
19 65 68    1.73205081E+00
19 66 73    1.41421356E+00
19 67 77    1.41421356E+00
19 68 3    1.41421356E+00
19 68 65    1.73205081E+00
19 68 80    2.00000000E+00
19 69 81    1.41421356E+00
19 70 82    1.41421356E+00
19 71 88    1.00000000E+00
19 72 92    1.00000000E+00
19 73 4    1.00000000E+00
19 73 66    1.41421356E+00
19 73 95    1.41421356E+00
19 74 96    1.00000000E+00
19 75 97    1.00000000E+00
19 76 102    1.00000000E+00
19 77 5    1.00000000E+00
19 77 67    1.41421356E+00
19 77 105    1.41421356E+00
19 78 106    1.00000000E+00
19 79 107    1.00000000E+00
19 80 6    1.41421356E+00
19 80 68    2.00000000E+00
19 80 111    1.73205081E+00
19 81 7    1.00000000E+00
19 81 69    1.41421356E+00
19 81 112    1.41421356E+00
19 82 8    1.00000000E+00
19 82 70    1.41421356E+00
19 82 113    1.41421356E+00
19 83 114    1.00000000E+00
19 84 115    1.00000000E+00
19 85 116    1.00000000E+00
19 88 71    1.00000000E+00
19 92 72    1.00000000E+00
19 95 73    1.41421356E+00
19 96 74    1.00000000E+00
19 97 75    1.00000000E+00
19 102 76    1.00000000E+00
19 105 77    1.41421356E+00
19 106 78    1.00000000E+00
19 107 79    1.00000000E+00
19 111 80    1.73205081E+00
19 112 81    1.41421356E+00
19 113 82    1.41421356E+00
19 114 83    1.00000000E+00
19 115 84    1.00000000E+00
19 116 85    1.00000000E+00
20 1 20    1.00000000E+00
20 2 48    1.00000000E+00
20 3 7    1.00000000E+00
20 3 69    1.41421356E+00
20 4 74    1.00000000E+00
20 5 78    1.00000000E+00
20 6 81    1.00000000E+00
20 7 3    1.00000000E+00
20 7 83    1.41421356E+00
20 8 84    1.00000000E+00
20 10 14    1.00000000E+00
20 14 10    1.00000000E+00
20 16 20    1.41421356E+00
20 17 25    1.00000000E+00
20 18 29    1.00000000E+00
20 19 32    1.00000000E+00
20 20 1    1.00000000E+00
20 20 16    1.41421356E+00
20 20 34    1.41421356E+00
20 21 35    1.00000000E+00
20 25 17    1.00000000E+00
20 29 18    1.00000000E+00
20 32 19    1.00000000E+00
20 34 20    1.41421356E+00
20 35 21    1.00000000E+00
20 38 42    1.00000000E+00
20 42 38    1.00000000E+00
20 44 48    1.41421356E+00
20 45 53    1.00000000E+00
20 46 57    1.00000000E+00
20 47 60    1.00000000E+00
20 48 2    1.00000000E+00
20 48 44    1.41421356E+00
20 48 62    1.41421356E+00
20 49 63    1.00000000E+00
20 53 45    1.00000000E+00
20 57 46    1.00000000E+00
20 60 47    1.00000000E+00
20 62 48    1.41421356E+00
20 63 49    1.00000000E+00
20 65 69    1.73205081E+00
20 66 74    1.41421356E+00
20 67 78    1.41421356E+00
20 68 81    1.41421356E+00
20 69 3    1.41421356E+00
20 69 65    1.73205081E+00
20 69 83    2.00000000E+00
20 70 84    1.41421356E+00
20 71 89    1.00000000E+00
20 72 93    1.00000000E+00
20 73 96    1.00000000E+00
20 74 4    1.00000000E+00
20 74 66    1.41421356E+00
20 74 98    1.41421356E+00
20 75 99    1.00000000E+00
20 76 103    1.00000000E+00
20 77 106    1.00000000E+00
20 78 5    1.00000000E+00
20 78 67    1.41421356E+00
20 78 108    1.41421356E+00
20 79 109    1.00000000E+00
20 80 112    1.00000000E+00
20 81 6    1.00000000E+00
20 81 68    1.41421356E+00
20 81 114    1.41421356E+00
20 82 115    1.00000000E+00
20 83 7    1.41421356E+00
20 83 69    2.00000000E+00
20 83 117    1.73205081E+00
20 84 8    1.00000000E+00
20 84 70    1.41421356E+00
20 84 118    1.41421356E+00
20 85 119    1.00000000E+00
20 89 71    1.00000000E+00
20 93 72    1.00000000E+00
20 96 73    1.00000000E+00
20 98 74    1.41421356E+00
20 99 75    1.00000000E+00
20 103 76    1.00000000E+00
20 106 77    1.00000000E+00
20 108 78    1.41421356E+00
20 109 79    1.00000000E+00
20 112 80    1.00000000E+00
20 114 81    1.41421356E+00
20 115 82    1.00000000E+00
20 117 83    1.73205081E+00
20 118 84    1.41421356E+00
20 119 85    1.00000000E+00
21 1 21    1.00000000E+00
21 2 49    1.00000000E+00
21 3 8    1.00000000E+00
21 3 70    1.41421356E+00
21 4 75    1.00000000E+00
21 5 79    1.00000000E+00
21 6 82    1.00000000E+00
21 7 84    1.00000000E+00
21 8 3    1.00000000E+00
21 8 85    1.41421356E+00
21 10 15    1.00000000E+00
21 15 10    1.00000000E+00
21 16 21    1.41421356E+00
21 17 26    1.00000000E+00
21 18 30    1.00000000E+00
21 19 33    1.00000000E+00
21 20 35    1.00000000E+00
21 21 1    1.00000000E+00
21 21 16    1.41421356E+00
21 21 36    1.41421356E+00
21 26 17    1.00000000E+00
21 30 18    1.00000000E+00
21 33 19    1.00000000E+00
21 35 20    1.00000000E+00
21 36 21    1.41421356E+00
21 38 43    1.00000000E+00
21 43 38    1.00000000E+00
21 44 49    1.41421356E+00
21 45 54    1.00000000E+00
21 46 58    1.00000000E+00
21 47 61    1.00000000E+00
21 48 63    1.00000000E+00
21 49 2    1.00000000E+00
21 49 44    1.41421356E+00
21 49 64    1.41421356E+00
21 54 45    1.00000000E+00
21 58 46    1.00000000E+00
21 61 47    1.00000000E+00
21 63 48    1.00000000E+00
21 64 49    1.41421356E+00
21 65 70    1.73205081E+00
21 66 75    1.41421356E+00
21 67 79    1.41421356E+00
21 68 82    1.41421356E+00
21 69 84    1.41421356E+00
21 70 3    1.41421356E+00
21 70 65    1.73205081E+00
21 70 85    2.00000000E+00
21 71 90    1.00000000E+00
21 72 94    1.00000000E+00
21 73 97    1.00000000E+00
21 74 99    1.00000000E+00
21 75 4    1.00000000E+00
21 75 66    1.41421356E+00
21 75 100    1.41421356E+00
21 76 104    1.00000000E+00
21 77 107    1.00000000E+00
21 78 109    1.00000000E+00
21 79 5    1.00000000E+00
21 79 67    1.41421356E+00
21 79 110    1.41421356E+00
21 80 113    1.00000000E+00
21 81 115    1.00000000E+00
21 82 6    1.00000000E+00
21 82 68    1.41421356E+00
21 82 116    1.41421356E+00
21 83 118    1.00000000E+00
21 84 7    1.00000000E+00
21 84 69    1.41421356E+00
21 84 119    1.41421356E+00
21 85 8    1.41421356E+00
21 85 70    2.00000000E+00
21 85 120    1.73205081E+00
21 90 71    1.00000000E+00
21 94 72    1.00000000E+00
21 97 73    1.00000000E+00
21 99 74    1.00000000E+00
21 100 75    1.41421356E+00
21 104 76    1.00000000E+00
21 107 77    1.00000000E+00
21 109 78    1.00000000E+00
21 110 79    1.41421356E+00
21 113 80    1.00000000E+00
21 115 81    1.00000000E+00
21 116 82    1.41421356E+00
21 118 83    1.00000000E+00
21 119 84    1.41421356E+00
21 120 85    1.73205081E+00
22 1 22    1.00000000E+00
22 2 50    1.00000000E+00
22 3 71    1.00000000E+00
22 4 4    1.41421356E+00
22 4 86    1.73205081E+00
22 5 87    1.00000000E+00
22 6 88    1.00000000E+00
22 7 89    1.00000000E+00
22 8 90    1.00000000E+00
22 11 11    1.41421356E+00
22 17 17    1.41421356E+00
22 22 1    1.00000000E+00
22 22 22    2.82842712E+00
22 23 23    1.41421356E+00
22 24 24    1.41421356E+00
22 25 25    1.41421356E+00
22 26 26    1.41421356E+00
22 39 39    1.41421356E+00
22 45 45    1.41421356E+00
22 50 2    1.00000000E+00
22 50 50    2.82842712E+00
22 51 51    1.41421356E+00
22 52 52    1.41421356E+00
22 53 53    1.41421356E+00
22 54 54    1.41421356E+00
22 66 66    1.41421356E+00
22 71 3    1.00000000E+00
22 71 71    2.82842712E+00
22 72 72    1.41421356E+00
22 73 73    1.41421356E+00
22 74 74    1.41421356E+00
22 75 75    1.41421356E+00
22 86 4    1.73205081E+00
22 86 86    4.24264069E+00
22 87 5    1.00000000E+00
22 87 87    2.82842712E+00
22 88 6    1.00000000E+00
22 88 88    2.82842712E+00
22 89 7    1.00000000E+00
22 89 89    2.82842712E+00
22 90 8    1.00000000E+00
22 90 90    2.82842712E+00
22 91 91    1.41421356E+00
22 92 92    1.41421356E+00
22 93 93    1.41421356E+00
22 94 94    1.41421356E+00
22 95 95    1.41421356E+00
22 96 96    1.41421356E+00
22 97 97    1.41421356E+00
22 98 98    1.41421356E+00
22 99 99    1.41421356E+00
22 100 100    1.41421356E+00
23 1 23    1.00000000E+00
23 2 51    1.00000000E+00
23 3 72    1.00000000E+00
23 4 5    1.00000000E+00
23 4 87    1.41421356E+00
23 5 4    1.00000000E+00
23 5 91    1.41421356E+00
23 6 92    1.00000000E+00
23 7 93    1.00000000E+00
23 8 94    1.00000000E+00
23 11 12    1.00000000E+00
23 12 11    1.00000000E+00
23 17 18    1.00000000E+00
23 18 17    1.00000000E+00
23 22 23    1.41421356E+00
23 23 1    1.00000000E+00
23 23 22    1.41421356E+00
23 23 27    1.41421356E+00
23 24 28    1.00000000E+00
23 25 29    1.00000000E+00
23 26 30    1.00000000E+00
23 27 23    1.41421356E+00
23 28 24    1.00000000E+00
23 29 25    1.00000000E+00
23 30 26    1.00000000E+00
23 39 40    1.00000000E+00
23 40 39    1.00000000E+00
23 45 46    1.00000000E+00
23 46 45    1.00000000E+00
23 50 51    1.41421356E+00
23 51 2    1.00000000E+00
23 51 50    1.41421356E+00
23 51 55    1.41421356E+00
23 52 56    1.00000000E+00
23 53 57    1.00000000E+00
23 54 58    1.00000000E+00
23 55 51    1.41421356E+00
23 56 52    1.00000000E+00
23 57 53    1.00000000E+00
23 58 54    1.00000000E+00
23 66 67    1.00000000E+00
23 67 66    1.00000000E+00
23 71 72    1.41421356E+00
23 72 3    1.00000000E+00
23 72 71    1.41421356E+00
23 72 76    1.41421356E+00
23 73 77    1.00000000E+00
23 74 78    1.00000000E+00
23 75 79    1.00000000E+00
23 76 72    1.41421356E+00
23 77 73    1.00000000E+00
23 78 74    1.00000000E+00
23 79 75    1.00000000E+00
23 86 87    1.73205081E+00
23 87 4    1.41421356E+00
23 87 86    1.73205081E+00
23 87 91    2.00000000E+00
23 88 92    1.41421356E+00
23 89 93    1.41421356E+00
23 90 94    1.41421356E+00
23 91 5    1.41421356E+00
23 91 87    2.00000000E+00
23 91 101    1.73205081E+00
23 92 6    1.00000000E+00
23 92 88    1.41421356E+00
23 92 102    1.41421356E+00
23 93 7    1.00000000E+00
23 93 89    1.41421356E+00
23 93 103    1.41421356E+00
23 94 8    1.00000000E+00
23 94 90    1.41421356E+00
23 94 104    1.41421356E+00
23 95 105    1.00000000E+00
23 96 106    1.00000000E+00
23 97 107    1.00000000E+00
23 98 108    1.00000000E+00
23 99 109    1.00000000E+00
23 100 110    1.00000000E+00
23 101 91    1.73205081E+00
23 102 92    1.41421356E+00
23 103 93    1.41421356E+00
23 104 94    1.41421356E+00
23 105 95    1.00000000E+00
23 106 96    1.00000000E+00
23 107 97    1.00000000E+00
23 108 98    1.00000000E+00
23 109 99    1.00000000E+00
23 110 100    1.00000000E+00
24 1 24    1.00000000E+00
24 2 52    1.00000000E+00
24 3 73    1.00000000E+00
24 4 6    1.00000000E+00
24 4 88    1.41421356E+00
24 5 92    1.00000000E+00
24 6 4    1.00000000E+00
24 6 95    1.41421356E+00
24 7 96    1.00000000E+00
24 8 97    1.00000000E+00
24 11 13    1.00000000E+00
24 13 11    1.00000000E+00
24 17 19    1.00000000E+00
24 19 17    1.00000000E+00
24 22 24    1.41421356E+00
24 23 28    1.00000000E+00
24 24 1    1.00000000E+00
24 24 22    1.41421356E+00
24 24 31    1.41421356E+00
24 25 32    1.00000000E+00
24 26 33    1.00000000E+00
24 28 23    1.00000000E+00
24 31 24    1.41421356E+00
24 32 25    1.00000000E+00
24 33 26    1.00000000E+00
24 39 41    1.00000000E+00
24 41 39    1.00000000E+00
24 45 47    1.00000000E+00
24 47 45    1.00000000E+00
24 50 52    1.41421356E+00
24 51 56    1.00000000E+00
24 52 2    1.00000000E+00
24 52 50    1.41421356E+00
24 52 59    1.41421356E+00
24 53 60    1.00000000E+00
24 54 61    1.00000000E+00
24 56 51    1.00000000E+00
24 59 52    1.41421356E+00
24 60 53    1.00000000E+00
24 61 54    1.00000000E+00
24 66 68    1.00000000E+00
24 68 66    1.00000000E+00
24 71 73    1.41421356E+00
24 72 77    1.00000000E+00
24 73 3    1.00000000E+00
24 73 71    1.41421356E+00
24 73 80    1.41421356E+00
24 74 81    1.00000000E+00
24 75 82    1.00000000E+00
24 77 72    1.00000000E+00
24 80 73    1.41421356E+00
24 81 74    1.00000000E+00
24 82 75    1.00000000E+00
24 86 88    1.73205081E+00
24 87 92    1.41421356E+00
24 88 4    1.41421356E+00
24 88 86    1.73205081E+00
24 88 95    2.00000000E+00
24 89 96    1.41421356E+00
24 90 97    1.41421356E+00
24 91 102    1.00000000E+00
24 92 5    1.00000000E+00
24 92 87    1.41421356E+00
24 92 105    1.41421356E+00
24 93 106    1.00000000E+00
24 94 107    1.00000000E+00
24 95 6    1.41421356E+00
24 95 88    2.00000000E+00
24 95 111    1.73205081E+00
24 96 7    1.00000000E+00
24 96 89    1.41421356E+00
24 96 112    1.41421356E+00
24 97 8    1.00000000E+00
24 97 90    1.41421356E+00
24 97 113    1.41421356E+00
24 98 114    1.00000000E+00
24 99 115    1.00000000E+00
24 100 116    1.00000000E+00
24 102 91    1.00000000E+00
24 105 92    1.41421356E+00
24 106 93    1.00000000E+00
24 107 94    1.00000000E+00
24 111 95    1.73205081E+00
24 112 96    1.41421356E+00
24 113 97    1.41421356E+00
24 114 98    1.00000000E+00
24 115 99    1.00000000E+00
24 116 100    1.00000000E+00
25 1 25    1.00000000E+00
25 2 53    1.00000000E+00
25 3 74    1.00000000E+00
25 4 7    1.00000000E+00
25 4 89    1.41421356E+00
25 5 93    1.00000000E+00
25 6 96    1.00000000E+00
25 7 4    1.00000000E+00
25 7 98    1.41421356E+00
25 8 99    1.00000000E+00
25 11 14    1.00000000E+00
25 14 11    1.00000000E+00
25 17 20    1.00000000E+00
25 20 17    1.00000000E+00
25 22 25    1.41421356E+00
25 23 29    1.00000000E+00
25 24 32    1.00000000E+00
25 25 1    1.00000000E+00
25 25 22    1.41421356E+00
25 25 34    1.41421356E+00
25 26 35    1.00000000E+00
25 29 23    1.00000000E+00
25 32 24    1.00000000E+00
25 34 25    1.41421356E+00
25 35 26    1.00000000E+00
25 39 42    1.00000000E+00
25 42 39    1.00000000E+00
25 45 48    1.00000000E+00
25 48 45    1.00000000E+00
25 50 53    1.41421356E+00
25 51 57    1.00000000E+00
25 52 60    1.00000000E+00
25 53 2    1.00000000E+00
25 53 50    1.41421356E+00
25 53 62    1.41421356E+00
25 54 63    1.00000000E+00
25 57 51    1.00000000E+00
25 60 52    1.00000000E+00
25 62 53    1.41421356E+00
25 63 54    1.00000000E+00
25 66 69    1.00000000E+00
25 69 66    1.00000000E+00
25 71 74    1.41421356E+00
25 72 78    1.00000000E+00
25 73 81    1.00000000E+00
25 74 3    1.00000000E+00
25 74 71    1.41421356E+00
25 74 83    1.41421356E+00
25 75 84    1.00000000E+00
25 78 72    1.00000000E+00
25 81 73    1.00000000E+00
25 83 74    1.41421356E+00
25 84 75    1.00000000E+00
25 86 89    1.73205081E+00
25 87 93    1.41421356E+00
25 88 96    1.41421356E+00
25 89 4    1.41421356E+00
25 89 86    1.73205081E+00
25 89 98    2.00000000E+00
25 90 99    1.41421356E+00
25 91 103    1.00000000E+00
25 92 106    1.00000000E+00
25 93 5    1.00000000E+00
25 93 87    1.41421356E+00
25 93 108    1.41421356E+00
25 94 109    1.00000000E+00
25 95 112    1.00000000E+00
25 96 6    1.00000000E+00
25 96 88    1.41421356E+00
25 96 114    1.41421356E+00
25 97 115    1.00000000E+00
25 98 7    1.41421356E+00
25 98 89    2.00000000E+00
25 98 117    1.73205081E+00
25 99 8    1.00000000E+00
25 99 90    1.41421356E+00
25 99 118    1.41421356E+00
25 100 119    1.00000000E+00
25 103 91    1.00000000E+00
25 106 92    1.00000000E+00
25 108 93    1.41421356E+00
25 109 94    1.00000000E+00
25 112 95    1.00000000E+00
25 114 96    1.41421356E+00
25 115 97    1.00000000E+00
25 117 98    1.73205081E+00
25 118 99    1.41421356E+00
25 119 100    1.00000000E+00
26 1 26    1.00000000E+00
26 2 54    1.00000000E+00
26 3 75    1.00000000E+00
26 4 8    1.00000000E+00
26 4 90    1.41421356E+00
26 5 94    1.00000000E+00
26 6 97    1.00000000E+00
26 7 99    1.00000000E+00
26 8 4    1.00000000E+00
26 8 100    1.41421356E+00
26 11 15    1.00000000E+00
26 15 11    1.00000000E+00
26 17 21    1.00000000E+00
26 21 17    1.00000000E+00
26 22 26    1.41421356E+00
26 23 30    1.00000000E+00
26 24 33    1.00000000E+00
26 25 35    1.00000000E+00
26 26 1    1.00000000E+00
26 26 22    1.41421356E+00
26 26 36    1.41421356E+00
26 30 23    1.00000000E+00
26 33 24    1.00000000E+00
26 35 25    1.00000000E+00
26 36 26    1.41421356E+00
26 39 43    1.00000000E+00
26 43 39    1.00000000E+00
26 45 49    1.00000000E+00
26 49 45    1.00000000E+00
26 50 54    1.41421356E+00
26 51 58    1.00000000E+00
26 52 61    1.00000000E+00
26 53 63    1.00000000E+00
26 54 2    1.00000000E+00
26 54 50    1.41421356E+00
26 54 64    1.41421356E+00
26 58 51    1.00000000E+00
26 61 52    1.00000000E+00
26 63 53    1.00000000E+00
26 64 54    1.41421356E+00
26 66 70    1.00000000E+00
26 70 66    1.00000000E+00
26 71 75    1.41421356E+00
26 72 79    1.00000000E+00
26 73 82    1.00000000E+00
26 74 84    1.00000000E+00
26 75 3    1.00000000E+00
26 75 71    1.41421356E+00
26 75 85    1.41421356E+00
26 79 72    1.00000000E+00
26 82 73    1.00000000E+00
26 84 74    1.00000000E+00
26 85 75    1.41421356E+00
26 86 90    1.73205081E+00
26 87 94    1.41421356E+00
26 88 97    1.41421356E+00
26 89 99    1.41421356E+00
26 90 4    1.41421356E+00
26 90 86    1.73205081E+00
26 90 100    2.00000000E+00
26 91 104    1.00000000E+00
26 92 107    1.00000000E+00
26 93 109    1.00000000E+00
26 94 5    1.00000000E+00
26 94 87    1.41421356E+00
26 94 110    1.41421356E+00
26 95 113    1.00000000E+00
26 96 115    1.00000000E+00
26 97 6    1.00000000E+00
26 97 88    1.41421356E+00
26 97 116    1.41421356E+00
26 98 118    1.00000000E+00
26 99 7    1.00000000E+00
26 99 89    1.41421356E+00
26 99 119    1.41421356E+00
26 100 8    1.41421356E+00
26 100 90    2.00000000E+00
26 100 120    1.73205081E+00
26 104 91    1.00000000E+00
26 107 92    1.00000000E+00
26 109 93    1.00000000E+00
26 110 94    1.41421356E+00
26 113 95    1.00000000E+00
26 115 96    1.00000000E+00
26 116 97    1.41421356E+00
26 118 98    1.00000000E+00
26 119 99    1.41421356E+00
26 120 100    1.73205081E+00
27 1 27    1.00000000E+00
27 2 55    1.00000000E+00
27 3 76    1.00000000E+00
27 4 91    1.00000000E+00
27 5 5    1.41421356E+00
27 5 101    1.73205081E+00
27 6 102    1.00000000E+00
27 7 103    1.00000000E+00
27 8 104    1.00000000E+00
27 12 12    1.41421356E+00
27 18 18    1.41421356E+00
27 23 23    1.41421356E+00
27 27 1    1.00000000E+00
27 27 27    2.82842712E+00
27 28 28    1.41421356E+00
27 29 29    1.41421356E+00
27 30 30    1.41421356E+00
27 40 40    1.41421356E+00
27 46 46    1.41421356E+00
27 51 51    1.41421356E+00
27 55 2    1.00000000E+00
27 55 55    2.82842712E+00
27 56 56    1.41421356E+00
27 57 57    1.41421356E+00
27 58 58    1.41421356E+00
27 67 67    1.41421356E+00
27 72 72    1.41421356E+00
27 76 3    1.00000000E+00
27 76 76    2.82842712E+00
27 77 77    1.41421356E+00
27 78 78    1.41421356E+00
27 79 79    1.41421356E+00
27 87 87    1.41421356E+00
27 91 4    1.00000000E+00
27 91 91    2.82842712E+00
27 92 92    1.41421356E+00
27 93 93    1.41421356E+00
27 94 94    1.41421356E+00
27 101 5    1.73205081E+00
27 101 101    4.24264069E+00
27 102 6    1.00000000E+00
27 102 102    2.82842712E+00
27 103 7    1.00000000E+00
27 103 103    2.82842712E+00
27 104 8    1.00000000E+00
27 104 104    2.82842712E+00
27 105 105    1.41421356E+00
27 106 106    1.41421356E+00
27 107 107    1.41421356E+00
27 108 108    1.41421356E+00
27 109 109    1.41421356E+00
27 110 110    1.41421356E+00
28 1 28    1.00000000E+00
28 2 56    1.00000000E+00
28 3 77    1.00000000E+00
28 4 92    1.00000000E+00
28 5 6    1.00000000E+00
28 5 102    1.41421356E+00
28 6 5    1.00000000E+00
28 6 105    1.41421356E+00
28 7 106    1.00000000E+00
28 8 107    1.00000000E+00
28 12 13    1.00000000E+00
28 13 12    1.00000000E+00
28 18 19    1.00000000E+00
28 19 18    1.00000000E+00
28 23 24    1.00000000E+00
28 24 23    1.00000000E+00
28 27 28    1.41421356E+00
28 28 1    1.00000000E+00
28 28 27    1.41421356E+00
28 28 31    1.41421356E+00
28 29 32    1.00000000E+00
28 30 33    1.00000000E+00
28 31 28    1.41421356E+00
28 32 29    1.00000000E+00
28 33 30    1.00000000E+00
28 40 41    1.00000000E+00
28 41 40    1.00000000E+00
28 46 47    1.00000000E+00
28 47 46    1.00000000E+00
28 51 52    1.00000000E+00
28 52 51    1.00000000E+00
28 55 56    1.41421356E+00
28 56 2    1.00000000E+00
28 56 55    1.41421356E+00
28 56 59    1.41421356E+00
28 57 60    1.00000000E+00
28 58 61    1.00000000E+00
28 59 56    1.41421356E+00
28 60 57    1.00000000E+00
28 61 58    1.00000000E+00
28 67 68    1.00000000E+00
28 68 67    1.00000000E+00
28 72 73    1.00000000E+00
28 73 72    1.00000000E+00
28 76 77    1.41421356E+00
28 77 3    1.00000000E+00
28 77 76    1.41421356E+00
28 77 80    1.41421356E+00
28 78 81    1.00000000E+00
28 79 82    1.00000000E+00
28 80 77    1.41421356E+00
28 81 78    1.00000000E+00
28 82 79    1.00000000E+00
28 87 88    1.00000000E+00
28 88 87    1.00000000E+00
28 91 92    1.41421356E+00
28 92 4    1.00000000E+00
28 92 91    1.41421356E+00
28 92 95    1.41421356E+00
28 93 96    1.00000000E+00
28 94 97    1.00000000E+00
28 95 92    1.41421356E+00
28 96 93    1.00000000E+00
28 97 94    1.00000000E+00
28 101 102    1.73205081E+00
28 102 5    1.41421356E+00
28 102 101    1.73205081E+00
28 102 105    2.00000000E+00
28 103 106    1.41421356E+00
28 104 107    1.41421356E+00
28 105 6    1.41421356E+00
28 105 102    2.00000000E+00
28 105 111    1.73205081E+00
28 106 7    1.00000000E+00
28 106 103    1.41421356E+00
28 106 112    1.41421356E+00
28 107 8    1.00000000E+00
28 107 104    1.41421356E+00
28 107 113    1.41421356E+00
28 108 114    1.00000000E+00
28 109 115    1.00000000E+00
28 110 116    1.00000000E+00
28 111 105    1.73205081E+00
28 112 106    1.41421356E+00
28 113 107    1.41421356E+00
28 114 108    1.00000000E+00
28 115 109    1.00000000E+00
28 116 110    1.00000000E+00
29 1 29    1.00000000E+00
29 2 57    1.00000000E+00
29 3 78    1.00000000E+00
29 4 93    1.00000000E+00
29 5 7    1.00000000E+00
29 5 103    1.41421356E+00
29 6 106    1.00000000E+00
29 7 5    1.00000000E+00
29 7 108    1.41421356E+00
29 8 109    1.00000000E+00
29 12 14    1.00000000E+00
29 14 12    1.00000000E+00
29 18 20    1.00000000E+00
29 20 18    1.00000000E+00
29 23 25    1.00000000E+00
29 25 23    1.00000000E+00
29 27 29    1.41421356E+00
29 28 32    1.00000000E+00
29 29 1    1.00000000E+00
29 29 27    1.41421356E+00
29 29 34    1.41421356E+00
29 30 35    1.00000000E+00
29 32 28    1.00000000E+00
29 34 29    1.41421356E+00
29 35 30    1.00000000E+00
29 40 42    1.00000000E+00
29 42 40    1.00000000E+00
29 46 48    1.00000000E+00
29 48 46    1.00000000E+00
29 51 53    1.00000000E+00
29 53 51    1.00000000E+00
29 55 57    1.41421356E+00
29 56 60    1.00000000E+00
29 57 2    1.00000000E+00
29 57 55    1.41421356E+00
29 57 62    1.41421356E+00
29 58 63    1.00000000E+00
29 60 56    1.00000000E+00
29 62 57    1.41421356E+00
29 63 58    1.00000000E+00
29 67 69    1.00000000E+00
29 69 67    1.00000000E+00
29 72 74    1.00000000E+00
29 74 72    1.00000000E+00
29 76 78    1.41421356E+00
29 77 81    1.00000000E+00
29 78 3    1.00000000E+00
29 78 76    1.41421356E+00
29 78 83    1.41421356E+00
29 79 84    1.00000000E+00
29 81 77    1.00000000E+00
29 83 78    1.41421356E+00
29 84 79    1.00000000E+00
29 87 89    1.00000000E+00
29 89 87    1.00000000E+00
29 91 93    1.41421356E+00
29 92 96    1.00000000E+00
29 93 4    1.00000000E+00
29 93 91    1.41421356E+00
29 93 98    1.41421356E+00
29 94 99    1.00000000E+00
29 96 92    1.00000000E+00
29 98 93    1.41421356E+00
29 99 94    1.00000000E+00
29 101 103    1.73205081E+00
29 102 106    1.41421356E+00
29 103 5    1.41421356E+00
29 103 101    1.73205081E+00
29 103 108    2.00000000E+00
29 104 109    1.41421356E+00
29 105 112    1.00000000E+00
29 106 6    1.00000000E+00
29 106 102    1.41421356E+00
29 106 114    1.41421356E+00
29 107 115    1.00000000E+00
29 108 7    1.41421356E+00
29 108 103    2.00000000E+00
29 108 117    1.73205081E+00
29 109 8    1.00000000E+00
29 109 104    1.41421356E+00
29 109 118    1.41421356E+00
29 110 119    1.00000000E+00
29 112 105    1.00000000E+00
29 114 106    1.41421356E+00
29 115 107    1.00000000E+00
29 117 108    1.73205081E+00
29 118 109    1.41421356E+00
29 119 110    1.00000000E+00
30 1 30    1.00000000E+00
30 2 58    1.00000000E+00
30 3 79    1.00000000E+00
30 4 94    1.00000000E+00
30 5 8    1.00000000E+00
30 5 104    1.41421356E+00
30 6 107    1.00000000E+00
30 7 109    1.00000000E+00
30 8 5    1.00000000E+00
30 8 110    1.41421356E+00
30 12 15    1.00000000E+00
30 15 12    1.00000000E+00
30 18 21    1.00000000E+00
30 21 18    1.00000000E+00
30 23 26    1.00000000E+00
30 26 23    1.00000000E+00
30 27 30    1.41421356E+00
30 28 33    1.00000000E+00
30 29 35    1.00000000E+00
30 30 1    1.00000000E+00
30 30 27    1.41421356E+00
30 30 36    1.41421356E+00
30 33 28    1.00000000E+00
30 35 29    1.00000000E+00
30 36 30    1.41421356E+00
30 40 43    1.00000000E+00
30 43 40    1.00000000E+00
30 46 49    1.00000000E+00
30 49 46    1.00000000E+00
30 51 54    1.00000000E+00
30 54 51    1.00000000E+00
30 55 58    1.41421356E+00
30 56 61    1.00000000E+00
30 57 63    1.00000000E+00
30 58 2    1.00000000E+00
30 58 55    1.41421356E+00
30 58 64    1.41421356E+00
30 61 56    1.00000000E+00
30 63 57    1.00000000E+00
30 64 58    1.41421356E+00
30 67 70    1.00000000E+00
30 70 67    1.00000000E+00
30 72 75    1.00000000E+00
30 75 72    1.00000000E+00
30 76 79    1.41421356E+00
30 77 82    1.00000000E+00
30 78 84    1.00000000E+00
30 79 3    1.00000000E+00
30 79 76    1.41421356E+00
30 79 85    1.41421356E+00
30 82 77    1.00000000E+00
30 84 78    1.00000000E+00
30 85 79    1.41421356E+00
30 87 90    1.00000000E+00
30 90 87    1.00000000E+00
30 91 94    1.41421356E+00
30 92 97    1.00000000E+00
30 93 99    1.00000000E+00
30 94 4    1.00000000E+00
30 94 91    1.41421356E+00
30 94 100    1.41421356E+00
30 97 92    1.00000000E+00
30 99 93    1.00000000E+00
30 100 94    1.41421356E+00
30 101 104    1.73205081E+00
30 102 107    1.41421356E+00
30 103 109    1.41421356E+00
30 104 5    1.41421356E+00
30 104 101    1.73205081E+00
30 104 110    2.00000000E+00
30 105 113    1.00000000E+00
30 106 115    1.00000000E+00
30 107 6    1.00000000E+00
30 107 102    1.41421356E+00
30 107 116    1.41421356E+00
30 108 118    1.00000000E+00
30 109 7    1.00000000E+00
30 109 103    1.41421356E+00
30 109 119    1.41421356E+00
30 110 8    1.41421356E+00
30 110 104    2.00000000E+00
30 110 120    1.73205081E+00
30 113 105    1.00000000E+00
30 115 106    1.00000000E+00
30 116 107    1.41421356E+00
30 118 108    1.00000000E+00
30 119 109    1.41421356E+00
30 120 110    1.73205081E+00
31 1 31    1.00000000E+00
31 2 59    1.00000000E+00
31 3 80    1.00000000E+00
31 4 95    1.00000000E+00
31 5 105    1.00000000E+00
31 6 6    1.41421356E+00
31 6 111    1.73205081E+00
31 7 112    1.00000000E+00
31 8 113    1.00000000E+00
31 13 13    1.41421356E+00
31 19 19    1.41421356E+00
31 24 24    1.41421356E+00
31 28 28    1.41421356E+00
31 31 1    1.00000000E+00
31 31 31    2.82842712E+00
31 32 32    1.41421356E+00
31 33 33    1.41421356E+00
31 41 41    1.41421356E+00
31 47 47    1.41421356E+00
31 52 52    1.41421356E+00
31 56 56    1.41421356E+00
31 59 2    1.00000000E+00
31 59 59    2.82842712E+00
31 60 60    1.41421356E+00
31 61 61    1.41421356E+00
31 68 68    1.41421356E+00
31 73 73    1.41421356E+00
31 77 77    1.41421356E+00
31 80 3    1.00000000E+00
31 80 80    2.82842712E+00
31 81 81    1.41421356E+00
31 82 82    1.41421356E+00
31 88 88    1.41421356E+00
31 92 92    1.41421356E+00
31 95 4    1.00000000E+00
31 95 95    2.82842712E+00
31 96 96    1.41421356E+00
31 97 97    1.41421356E+00
31 102 102    1.41421356E+00
31 105 5    1.00000000E+00
31 105 105    2.82842712E+00
31 106 106    1.41421356E+00
31 107 107    1.41421356E+00
31 111 6    1.73205081E+00
31 111 111    4.24264069E+00
31 112 7    1.00000000E+00
31 112 112    2.82842712E+00
31 113 8    1.00000000E+00
31 113 113    2.82842712E+00
31 114 114    1.41421356E+00
31 115 115    1.41421356E+00
31 116 116    1.41421356E+00
32 1 32    1.00000000E+00
32 2 60    1.00000000E+00
32 3 81    1.00000000E+00
32 4 96    1.00000000E+00
32 5 106    1.00000000E+00
32 6 7    1.00000000E+00
32 6 112    1.41421356E+00
32 7 6    1.00000000E+00
32 7 114    1.41421356E+00
32 8 115    1.00000000E+00
32 13 14    1.00000000E+00
32 14 13    1.00000000E+00
32 19 20    1.00000000E+00
32 20 19    1.00000000E+00
32 24 25    1.00000000E+00
32 25 24    1.00000000E+00
32 28 29    1.00000000E+00
32 29 28    1.00000000E+00
32 31 32    1.41421356E+00
32 32 1    1.00000000E+00
32 32 31    1.41421356E+00
32 32 34    1.41421356E+00
32 33 35    1.00000000E+00
32 34 32    1.41421356E+00
32 35 33    1.00000000E+00
32 41 42    1.00000000E+00
32 42 41    1.00000000E+00
32 47 48    1.00000000E+00
32 48 47    1.00000000E+00
32 52 53    1.00000000E+00
32 53 52    1.00000000E+00
32 56 57    1.00000000E+00
32 57 56    1.00000000E+00
32 59 60    1.41421356E+00
32 60 2    1.00000000E+00
32 60 59    1.41421356E+00
32 60 62    1.41421356E+00
32 61 63    1.00000000E+00
32 62 60    1.41421356E+00
32 63 61    1.00000000E+00
32 68 69    1.00000000E+00
32 69 68    1.00000000E+00
32 73 74    1.00000000E+00
32 74 73    1.00000000E+00
32 77 78    1.00000000E+00
32 78 77    1.00000000E+00
32 80 81    1.41421356E+00
32 81 3    1.00000000E+00
32 81 80    1.41421356E+00
32 81 83    1.41421356E+00
32 82 84    1.00000000E+00
32 83 81    1.41421356E+00
32 84 82    1.00000000E+00
32 88 89    1.00000000E+00
32 89 88    1.00000000E+00
32 92 93    1.00000000E+00
32 93 92    1.00000000E+00
32 95 96    1.41421356E+00
32 96 4    1.00000000E+00
32 96 95    1.41421356E+00
32 96 98    1.41421356E+00
32 97 99    1.00000000E+00
32 98 96    1.41421356E+00
32 99 97    1.00000000E+00
32 102 103    1.00000000E+00
32 103 102    1.00000000E+00
32 105 106    1.41421356E+00
32 106 5    1.00000000E+00
32 106 105    1.41421356E+00
32 106 108    1.41421356E+00
32 107 109    1.00000000E+00
32 108 106    1.41421356E+00
32 109 107    1.00000000E+00
32 111 112    1.73205081E+00
32 112 6    1.41421356E+00
32 112 111    1.73205081E+00
32 112 114    2.00000000E+00
32 113 115    1.41421356E+00
32 114 7    1.41421356E+00
32 114 112    2.00000000E+00
32 114 117    1.73205081E+00
32 115 8    1.00000000E+00
32 115 113    1.41421356E+00
32 115 118    1.41421356E+00
32 116 119    1.00000000E+00
32 117 114    1.73205081E+00
32 118 115    1.41421356E+00
32 119 116    1.00000000E+00
33 1 33    1.00000000E+00
33 2 61    1.00000000E+00
33 3 82    1.00000000E+00
33 4 97    1.00000000E+00
33 5 107    1.00000000E+00
33 6 8    1.00000000E+00
33 6 113    1.41421356E+00
33 7 115    1.00000000E+00
33 8 6    1.00000000E+00
33 8 116    1.41421356E+00
33 13 15    1.00000000E+00
33 15 13    1.00000000E+00
33 19 21    1.00000000E+00
33 21 19    1.00000000E+00
33 24 26    1.00000000E+00
33 26 24    1.00000000E+00
33 28 30    1.00000000E+00
33 30 28    1.00000000E+00
33 31 33    1.41421356E+00
33 32 35    1.00000000E+00
33 33 1    1.00000000E+00
33 33 31    1.41421356E+00
33 33 36    1.41421356E+00
33 35 32    1.00000000E+00
33 36 33    1.41421356E+00
33 41 43    1.00000000E+00
33 43 41    1.00000000E+00
33 47 49    1.00000000E+00
33 49 47    1.00000000E+00
33 52 54    1.00000000E+00
33 54 52    1.00000000E+00
33 56 58    1.00000000E+00
33 58 56    1.00000000E+00
33 59 61    1.41421356E+00
33 60 63    1.00000000E+00
33 61 2    1.00000000E+00
33 61 59    1.41421356E+00
33 61 64    1.41421356E+00
33 63 60    1.00000000E+00
33 64 61    1.41421356E+00
33 68 70    1.00000000E+00
33 70 68    1.00000000E+00
33 73 75    1.00000000E+00
33 75 73    1.00000000E+00
33 77 79    1.00000000E+00
33 79 77    1.00000000E+00
33 80 82    1.41421356E+00
33 81 84    1.00000000E+00
33 82 3    1.00000000E+00
33 82 80    1.41421356E+00
33 82 85    1.41421356E+00
33 84 81    1.00000000E+00
33 85 82    1.41421356E+00
33 88 90    1.00000000E+00
33 90 88    1.00000000E+00
33 92 94    1.00000000E+00
33 94 92    1.00000000E+00
33 95 97    1.41421356E+00
33 96 99    1.00000000E+00
33 97 4    1.00000000E+00
33 97 95    1.41421356E+00
33 97 100    1.41421356E+00
33 99 96    1.00000000E+00
33 100 97    1.41421356E+00
33 102 104    1.00000000E+00
33 104 102    1.00000000E+00
33 105 107    1.41421356E+00
33 106 109    1.00000000E+00
33 107 5    1.00000000E+00
33 107 105    1.41421356E+00
33 107 110    1.41421356E+00
33 109 106    1.00000000E+00
33 110 107    1.41421356E+00
33 111 113    1.73205081E+00
33 112 115    1.41421356E+00
33 113 6    1.41421356E+00
33 113 111    1.73205081E+00
33 113 116    2.00000000E+00
33 114 118    1.00000000E+00
33 115 7    1.00000000E+00
33 115 112    1.41421356E+00
33 115 119    1.41421356E+00
33 116 8    1.41421356E+00
33 116 113    2.00000000E+00
33 116 120    1.73205081E+00
33 118 114    1.00000000E+00
33 119 115    1.41421356E+00
33 120 116    1.73205081E+00
34 1 34    1.00000000E+00
34 2 62    1.00000000E+00
34 3 83    1.00000000E+00
34 4 98    1.00000000E+00
34 5 108    1.00000000E+00
34 6 114    1.00000000E+00
34 7 7    1.41421356E+00
34 7 117    1.73205081E+00
34 8 118    1.00000000E+00
34 14 14    1.41421356E+00
34 20 20    1.41421356E+00
34 25 25    1.41421356E+00
34 29 29    1.41421356E+00
34 32 32    1.41421356E+00
34 34 1    1.00000000E+00
34 34 34    2.82842712E+00
34 35 35    1.41421356E+00
34 42 42    1.41421356E+00
34 48 48    1.41421356E+00
34 53 53    1.41421356E+00
34 57 57    1.41421356E+00
34 60 60    1.41421356E+00
34 62 2    1.00000000E+00
34 62 62    2.82842712E+00
34 63 63    1.41421356E+00
34 69 69    1.41421356E+00
34 74 74    1.41421356E+00
34 78 78    1.41421356E+00
34 81 81    1.41421356E+00
34 83 3    1.00000000E+00
34 83 83    2.82842712E+00
34 84 84    1.41421356E+00
34 89 89    1.41421356E+00
34 93 93    1.41421356E+00
34 96 96    1.41421356E+00
34 98 4    1.00000000E+00
34 98 98    2.82842712E+00
34 99 99    1.41421356E+00
34 103 103    1.41421356E+00
34 106 106    1.41421356E+00
34 108 5    1.00000000E+00
34 108 108    2.82842712E+00
34 109 109    1.41421356E+00
34 112 112    1.41421356E+00
34 114 6    1.00000000E+00
34 114 114    2.82842712E+00
34 115 115    1.41421356E+00
34 117 7    1.73205081E+00
34 117 117    4.24264069E+00
34 118 8    1.00000000E+00
34 118 118    2.82842712E+00
34 119 119    1.41421356E+00
35 1 35    1.00000000E+00
35 2 63    1.00000000E+00
35 3 84    1.00000000E+00
35 4 99    1.00000000E+00
35 5 109    1.00000000E+00
35 6 115    1.00000000E+00
35 7 8    1.00000000E+00
35 7 118    1.41421356E+00
35 8 7    1.00000000E+00
35 8 119    1.41421356E+00
35 14 15    1.00000000E+00
35 15 14    1.00000000E+00
35 20 21    1.00000000E+00
35 21 20    1.00000000E+00
35 25 26    1.00000000E+00
35 26 25    1.00000000E+00
35 29 30    1.00000000E+00
35 30 29    1.00000000E+00
35 32 33    1.00000000E+00
35 33 32    1.00000000E+00
35 34 35    1.41421356E+00
35 35 1    1.00000000E+00
35 35 34    1.41421356E+00
35 35 36    1.41421356E+00
35 36 35    1.41421356E+00
35 42 43    1.00000000E+00
35 43 42    1.00000000E+00
35 48 49    1.00000000E+00
35 49 48    1.00000000E+00
35 53 54    1.00000000E+00
35 54 53    1.00000000E+00
35 57 58    1.00000000E+00
35 58 57    1.00000000E+00
35 60 61    1.00000000E+00
35 61 60    1.00000000E+00
35 62 63    1.41421356E+00
35 63 2    1.00000000E+00
35 63 62    1.41421356E+00
35 63 64    1.41421356E+00
35 64 63    1.41421356E+00
35 69 70    1.00000000E+00
35 70 69    1.00000000E+00
35 74 75    1.00000000E+00
35 75 74    1.00000000E+00
35 78 79    1.00000000E+00
35 79 78    1.00000000E+00
35 81 82    1.00000000E+00
35 82 81    1.00000000E+00
35 83 84    1.41421356E+00
35 84 3    1.00000000E+00
35 84 83    1.41421356E+00
35 84 85    1.41421356E+00
35 85 84    1.41421356E+00
35 89 90    1.00000000E+00
35 90 89    1.00000000E+00
35 93 94    1.00000000E+00
35 94 93    1.00000000E+00
35 96 97    1.00000000E+00
35 97 96    1.00000000E+00
35 98 99    1.41421356E+00
35 99 4    1.00000000E+00
35 99 98    1.41421356E+00
35 99 100    1.41421356E+00
35 100 99    1.41421356E+00
35 103 104    1.00000000E+00
35 104 103    1.00000000E+00
35 106 107    1.00000000E+00
35 107 106    1.00000000E+00
35 108 109    1.41421356E+00
35 109 5    1.00000000E+00
35 109 108    1.41421356E+00
35 109 110    1.41421356E+00
35 110 109    1.41421356E+00
35 112 113    1.00000000E+00
35 113 112    1.00000000E+00
35 114 115    1.41421356E+00
35 115 6    1.00000000E+00
35 115 114    1.41421356E+00
35 115 116    1.41421356E+00
35 116 115    1.41421356E+00
35 117 118    1.73205081E+00
35 118 7    1.41421356E+00
35 118 117    1.73205081E+00
35 118 119    2.00000000E+00
35 119 8    1.41421356E+00
35 119 118    2.00000000E+00
35 119 120    1.73205081E+00
35 120 119    1.73205081E+00
36 1 36    1.00000000E+00
36 2 64    1.00000000E+00
36 3 85    1.00000000E+00
36 4 100    1.00000000E+00
36 5 110    1.00000000E+00
36 6 116    1.00000000E+00
36 7 119    1.00000000E+00
36 8 8    1.41421356E+00
36 8 120    1.73205081E+00
36 15 15    1.41421356E+00
36 21 21    1.41421356E+00
36 26 26    1.41421356E+00
36 30 30    1.41421356E+00
36 33 33    1.41421356E+00
36 35 35    1.41421356E+00
36 36 1    1.00000000E+00
36 36 36    2.82842712E+00
36 43 43    1.41421356E+00
36 49 49    1.41421356E+00
36 54 54    1.41421356E+00
36 58 58    1.41421356E+00
36 61 61    1.41421356E+00
36 63 63    1.41421356E+00
36 64 2    1.00000000E+00
36 64 64    2.82842712E+00
36 70 70    1.41421356E+00
36 75 75    1.41421356E+00
36 79 79    1.41421356E+00
36 82 82    1.41421356E+00
36 84 84    1.41421356E+00
36 85 3    1.00000000E+00
36 85 85    2.82842712E+00
36 90 90    1.41421356E+00
36 94 94    1.41421356E+00
36 97 97    1.41421356E+00
36 99 99    1.41421356E+00
36 100 4    1.00000000E+00
36 100 100    2.82842712E+00
36 104 104    1.41421356E+00
36 107 107    1.41421356E+00
36 109 109    1.41421356E+00
36 110 5    1.00000000E+00
36 110 110    2.82842712E+00
36 113 113    1.41421356E+00
36 115 115    1.41421356E+00
36 116 6    1.00000000E+00
36 116 116    2.82842712E+00
36 118 118    1.41421356E+00
36 119 7    1.00000000E+00
36 119 119    2.82842712E+00
36 120 8    1.73205081E+00
36 120 120    4.24264069E+00
