76
1 1 1    1.00000000E+00
1 2 2    1.00000000E+00
1 3 3    1.00000000E+00
1 4 4    1.00000000E+00
1 5 5    1.00000000E+00
1 6 6    1.00000000E+00
1 7 7    1.00000000E+00
1 8 8    1.00000000E+00
1 9 9    1.00000000E+00
1 10 10    1.00000000E+00
1 11 11    1.00000000E+00
1 12 12    1.00000000E+00
1 13 13    1.00000000E+00
1 14 14    1.00000000E+00
1 15 15    1.00000000E+00
1 16 16    1.00000000E+00
1 17 17    1.00000000E+00
1 18 18    1.00000000E+00
1 19 19    1.00000000E+00
1 20 20    1.00000000E+00
1 21 21    1.00000000E+00
1 22 22    1.00000000E+00
1 23 23    1.00000000E+00
1 24 24    1.00000000E+00
1 25 25    1.00000000E+00
1 26 26    1.00000000E+00
2 1 2    1.00000000E+00
2 2 1    1.00000000E+00
3 1 3    1.00000000E+00
3 3 1    1.00000000E+00
4 1 4    1.00000000E+00
4 4 1    1.00000000E+00
5 1 5    1.00000000E+00
5 5 1    1.00000000E+00
6 1 6    1.00000000E+00
6 6 1    1.00000000E+00
7 1 7    1.00000000E+00
7 7 1    1.00000000E+00
8 1 8    1.00000000E+00
8 8 1    1.00000000E+00
9 1 9    1.00000000E+00
9 9 1    1.00000000E+00
10 1 10    1.00000000E+00
10 10 1    1.00000000E+00
11 1 11    1.00000000E+00
11 11 1    1.00000000E+00
12 1 12    1.00000000E+00
12 12 1    1.00000000E+00
13 1 13    1.00000000E+00
13 13 1    1.00000000E+00
14 1 14    1.00000000E+00
14 14 1    1.00000000E+00
15 1 15    1.00000000E+00
15 15 1    1.00000000E+00
16 1 16    1.00000000E+00
16 16 1    1.00000000E+00
17 1 17    1.00000000E+00
17 17 1    1.00000000E+00
18 1 18    1.00000000E+00
18 18 1    1.00000000E+00
19 1 19    1.00000000E+00
19 19 1    1.00000000E+00
20 1 20    1.00000000E+00
20 20 1    1.00000000E+00
21 1 21    1.00000000E+00
21 21 1    1.00000000E+00
22 1 22    1.00000000E+00
22 22 1    1.00000000E+00
23 1 23    1.00000000E+00
23 23 1    1.00000000E+00
24 1 24    1.00000000E+00
24 24 1    1.00000000E+00
25 1 25    1.00000000E+00
25 25 1    1.00000000E+00
26 1 26    1.00000000E+00
26 26 1    1.00000000E+00
