201
1 1 1    1.00000000E+00
1 2 2    1.00000000E+00
1 3 3    1.00000000E+00
1 4 4    1.00000000E+00
1 5 5    1.00000000E+00
1 6 6    1.00000000E+00
1 7 7    1.00000000E+00
1 8 8    1.00000000E+00
1 9 9    1.00000000E+00
1 10 10    1.00000000E+00
1 11 11    1.00000000E+00
1 12 12    1.00000000E+00
1 13 13    1.00000000E+00
1 14 14    1.00000000E+00
1 15 15    1.00000000E+00
1 16 16    1.00000000E+00
1 17 17    1.00000000E+00
1 18 18    1.00000000E+00
1 19 19    1.00000000E+00
1 20 20    1.00000000E+00
1 21 21    1.00000000E+00
2 1 2    1.00000000E+00
2 2 1    1.00000000E+00
2 2 4    1.41421356E+00
2 3 5    1.00000000E+00
2 4 2    1.41421356E+00
2 4 7    1.73205081E+00
2 5 3    1.00000000E+00
2 5 8    1.41421356E+00
2 6 9    1.00000000E+00
2 7 4    1.73205081E+00
2 7 11    2.00000000E+00
2 8 5    1.41421356E+00
2 8 12    1.73205081E+00
2 9 6    1.00000000E+00
2 9 13    1.41421356E+00
2 10 14    1.00000000E+00
2 11 7    2.00000000E+00
2 11 16    2.23606798E+00
2 12 8    1.73205081E+00
2 12 17    2.00000000E+00
2 13 9    1.41421356E+00
2 13 18    1.73205081E+00
2 14 10    1.00000000E+00
2 14 19    1.41421356E+00
2 15 20    1.00000000E+00
2 16 11    2.23606798E+00
2 17 12    2.00000000E+00
2 18 13    1.73205081E+00
2 19 14    1.41421356E+00
2 20 15    1.00000000E+00
3 1 3    1.00000000E+00
3 2 5    1.00000000E+00
3 3 1    1.00000000E+00
3 3 6    1.41421356E+00
3 4 8    1.00000000E+00
3 5 2    1.00000000E+00
3 5 9    1.41421356E+00
3 6 3    1.41421356E+00
3 6 10    1.73205081E+00
3 7 12    1.00000000E+00
3 8 4    1.00000000E+00
3 8 13    1.41421356E+00
3 9 5    1.41421356E+00
3 9 14    1.73205081E+00
3 10 6    1.73205081E+00
3 10 15    2.00000000E+00
3 11 17    1.00000000E+00
3 12 7    1.00000000E+00
3 12 18    1.41421356E+00
3 13 8    1.41421356E+00
3 13 19    1.73205081E+00
3 14 9    1.73205081E+00
3 14 20    2.00000000E+00
3 15 10    2.00000000E+00
3 15 21    2.23606798E+00
3 17 11    1.00000000E+00
3 18 12    1.41421356E+00
3 19 13    1.73205081E+00
3 20 14    2.00000000E+00
3 21 15    2.23606798E+00
4 1 4    1.00000000E+00
4 2 2    1.41421356E+00
4 2 7    1.73205081E+00
4 3 8    1.00000000E+00
4 4 1    1.00000000E+00
4 4 4    2.82842712E+00
4 4 11    2.44948974E+00
4 5 5    1.41421356E+00
4 5 12    1.73205081E+00
4 6 13    1.00000000E+00
4 7 2    1.73205081E+00
4 7 7    4.24264069E+00
4 7 16    3.16227766E+00
4 8 3    1.00000000E+00
4 8 8    2.82842712E+00
4 8 17    2.44948974E+00
4 9 9    1.41421356E+00
4 9 18    1.73205081E+00
4 10 19    1.00000000E+00
4 11 4    2.44948974E+00
4 11 11    5.65685425E+00
4 12 5    1.73205081E+00
4 12 12    4.24264069E+00
4 13 6    1.00000000E+00
4 13 13    2.82842712E+00
4 14 14    1.41421356E+00
4 16 7    3.16227766E+00
4 16 16    7.07106781E+00
4 17 8    2.44948974E+00
4 17 17    5.65685425E+00
4 18 9    1.73205081E+00
4 18 18    4.24264069E+00
4 19 10    1.00000000E+00
4 19 19    2.82842712E+00
4 20 20    1.41421356E+00
5 1 5    1.00000000E+00
5 2 3    1.00000000E+00
5 2 8    1.41421356E+00
5 3 2    1.00000000E+00
5 3 9    1.41421356E+00
5 4 5    1.41421356E+00
5 4 12    1.73205081E+00
5 5 1    1.00000000E+00
5 5 4    1.41421356E+00
5 5 6    1.41421356E+00
5 5 13    2.00000000E+00
5 6 5    1.41421356E+00
5 6 14    1.73205081E+00
5 7 8    1.73205081E+00
5 7 17    2.00000000E+00
5 8 2    1.41421356E+00
5 8 7    1.73205081E+00
5 8 9    2.00000000E+00
5 8 18    2.44948974E+00
5 9 3    1.41421356E+00
5 9 8    2.00000000E+00
5 9 10    1.73205081E+00
5 9 19    2.44948974E+00
5 10 9    1.73205081E+00
5 10 20    2.00000000E+00
5 11 12    2.00000000E+00
5 12 4    1.73205081E+00
5 12 11    2.00000000E+00
5 12 13    2.44948974E+00
5 13 5    2.00000000E+00
5 13 12    2.44948974E+00
5 13 14    2.44948974E+00
5 14 6    1.73205081E+00
5 14 13    2.44948974E+00
5 14 15    2.00000000E+00
5 15 14    2.00000000E+00
5 16 17    2.23606798E+00
5 17 7    2.00000000E+00
5 17 16    2.23606798E+00
5 17 18    2.82842712E+00
5 18 8    2.44948974E+00
5 18 17    2.82842712E+00
5 18 19    3.00000000E+00
5 19 9    2.44948974E+00
5 19 18    3.00000000E+00
5 19 20    2.82842712E+00
5 20 10    2.00000000E+00
5 20 19    2.82842712E+00
5 20 21    2.23606798E+00
5 21 20    2.23606798E+00
6 1 6    1.00000000E+00
6 2 9    1.00000000E+00
6 3 3    1.41421356E+00
6 3 10    1.73205081E+00
6 4 13    1.00000000E+00
6 5 5    1.41421356E+00
6 5 14    1.73205081E+00
6 6 1    1.00000000E+00
6 6 6    2.82842712E+00
6 6 15    2.44948974E+00
6 7 18    1.00000000E+00
6 8 8    1.41421356E+00
6 8 19    1.73205081E+00
6 9 2    1.00000000E+00
6 9 9    2.82842712E+00
6 9 20    2.44948974E+00
6 10 3    1.73205081E+00
6 10 10    4.24264069E+00
6 10 21    3.16227766E+00
6 12 12    1.41421356E+00
6 13 4    1.00000000E+00
6 13 13    2.82842712E+00
6 14 5    1.73205081E+00
6 14 14    4.24264069E+00
6 15 6    2.44948974E+00
6 15 15    5.65685425E+00
6 17 17    1.41421356E+00
6 18 7    1.00000000E+00
6 18 18    2.82842712E+00
6 19 8    1.73205081E+00
6 19 19    4.24264069E+00
6 20 9    2.44948974E+00
6 20 20    5.65685425E+00
6 21 10    3.16227766E+00
6 21 21    7.07106781E+00
