2052
1 1 1    1.00000000E+00
1 2 2    1.00000000E+00
1 3 3    1.00000000E+00
1 4 4    1.00000000E+00
1 5 5    1.00000000E+00
1 6 6    1.00000000E+00
1 7 7    1.00000000E+00
1 8 8    1.00000000E+00
1 9 9    1.00000000E+00
1 10 10    1.00000000E+00
1 11 11    1.00000000E+00
1 12 12    1.00000000E+00
1 13 13    1.00000000E+00
1 14 14    1.00000000E+00
1 15 15    1.00000000E+00
1 16 16    1.00000000E+00
1 17 17    1.00000000E+00
1 18 18    1.00000000E+00
1 19 19    1.00000000E+00
1 20 20    1.00000000E+00
1 21 21    1.00000000E+00
1 22 22    1.00000000E+00
1 23 23    1.00000000E+00
1 24 24    1.00000000E+00
1 25 25    1.00000000E+00
1 26 26    1.00000000E+00
1 27 27    1.00000000E+00
1 28 28    1.00000000E+00
1 29 29    1.00000000E+00
1 30 30    1.00000000E+00
1 31 31    1.00000000E+00
1 32 32    1.00000000E+00
1 33 33    1.00000000E+00
1 34 34    1.00000000E+00
1 35 35    1.00000000E+00
1 36 36    1.00000000E+00
1 37 37    1.00000000E+00
1 38 38    1.00000000E+00
1 39 39    1.00000000E+00
1 40 40    1.00000000E+00
1 41 41    1.00000000E+00
1 42 42    1.00000000E+00
1 43 43    1.00000000E+00
1 44 44    1.00000000E+00
1 45 45    1.00000000E+00
1 46 46    1.00000000E+00
1 47 47    1.00000000E+00
1 48 48    1.00000000E+00
1 49 49    1.00000000E+00
1 50 50    1.00000000E+00
1 51 51    1.00000000E+00
1 52 52    1.00000000E+00
1 53 53    1.00000000E+00
1 54 54    1.00000000E+00
1 55 55    1.00000000E+00
1 56 56    1.00000000E+00
1 57 57    1.00000000E+00
1 58 58    1.00000000E+00
1 59 59    1.00000000E+00
1 60 60    1.00000000E+00
1 61 61    1.00000000E+00
1 62 62    1.00000000E+00
1 63 63    1.00000000E+00
1 64 64    1.00000000E+00
1 65 65    1.00000000E+00
1 66 66    1.00000000E+00
1 67 67    1.00000000E+00
1 68 68    1.00000000E+00
1 69 69    1.00000000E+00
1 70 70    1.00000000E+00
1 71 71    1.00000000E+00
1 72 72    1.00000000E+00
1 73 73    1.00000000E+00
1 74 74    1.00000000E+00
1 75 75    1.00000000E+00
1 76 76    1.00000000E+00
1 77 77    1.00000000E+00
1 78 78    1.00000000E+00
1 79 79    1.00000000E+00
1 80 80    1.00000000E+00
1 81 81    1.00000000E+00
1 82 82    1.00000000E+00
1 83 83    1.00000000E+00
1 84 84    1.00000000E+00
1 85 85    1.00000000E+00
1 86 86    1.00000000E+00
1 87 87    1.00000000E+00
1 88 88    1.00000000E+00
1 89 89    1.00000000E+00
1 90 90    1.00000000E+00
1 91 91    1.00000000E+00
1 92 92    1.00000000E+00
1 93 93    1.00000000E+00
1 94 94    1.00000000E+00
1 95 95    1.00000000E+00
1 96 96    1.00000000E+00
1 97 97    1.00000000E+00
1 98 98    1.00000000E+00
1 99 99    1.00000000E+00
1 100 100    1.00000000E+00
1 101 101    1.00000000E+00
1 102 102    1.00000000E+00
1 103 103    1.00000000E+00
1 104 104    1.00000000E+00
1 105 105    1.00000000E+00
1 106 106    1.00000000E+00
1 107 107    1.00000000E+00
1 108 108    1.00000000E+00
1 109 109    1.00000000E+00
1 110 110    1.00000000E+00
1 111 111    1.00000000E+00
1 112 112    1.00000000E+00
1 113 113    1.00000000E+00
1 114 114    1.00000000E+00
1 115 115    1.00000000E+00
1 116 116    1.00000000E+00
1 117 117    1.00000000E+00
1 118 118    1.00000000E+00
1 119 119    1.00000000E+00
1 120 120    1.00000000E+00
2 1 2    1.00000000E+00
2 2 1    1.00000000E+00
2 2 5    1.41421356E+00
2 3 6    1.00000000E+00
2 4 7    1.00000000E+00
2 5 2    1.41421356E+00
2 5 11    1.73205081E+00
2 6 3    1.00000000E+00
2 6 12    1.41421356E+00
2 7 4    1.00000000E+00
2 7 13    1.41421356E+00
2 8 14    1.00000000E+00
2 9 15    1.00000000E+00
2 10 16    1.00000000E+00
2 11 5    1.73205081E+00
2 11 21    2.00000000E+00
2 12 6    1.41421356E+00
2 12 22    1.73205081E+00
2 13 7    1.41421356E+00
2 13 23    1.73205081E+00
2 14 8    1.00000000E+00
2 14 24    1.41421356E+00
2 15 9    1.00000000E+00
2 15 25    1.41421356E+00
2 16 10    1.00000000E+00
2 16 26    1.41421356E+00
2 17 27    1.00000000E+00
2 18 28    1.00000000E+00
2 19 29    1.00000000E+00
2 20 30    1.00000000E+00
2 21 11    2.00000000E+00
2 21 36    2.23606798E+00
2 22 12    1.73205081E+00
2 22 37    2.00000000E+00
2 23 13    1.73205081E+00
2 23 38    2.00000000E+00
2 24 14    1.41421356E+00
2 24 39    1.73205081E+00
2 25 15    1.41421356E+00
2 25 40    1.73205081E+00
2 26 16    1.41421356E+00
2 26 41    1.73205081E+00
2 27 17    1.00000000E+00
2 27 42    1.41421356E+00
2 28 18    1.00000000E+00
2 28 43    1.41421356E+00
2 29 19    1.00000000E+00
2 29 44    1.41421356E+00
2 30 20    1.00000000E+00
2 30 45    1.41421356E+00
2 31 46    1.00000000E+00
2 32 47    1.00000000E+00
2 33 48    1.00000000E+00
2 34 49    1.00000000E+00
2 35 50    1.00000000E+00
2 36 21    2.23606798E+00
2 36 57    2.44948974E+00
2 37 22    2.00000000E+00
2 37 58    2.23606798E+00
2 38 23    2.00000000E+00
2 38 59    2.23606798E+00
2 39 24    1.73205081E+00
2 39 60    2.00000000E+00
2 40 25    1.73205081E+00
2 40 61    2.00000000E+00
2 41 26    1.73205081E+00
2 41 62    2.00000000E+00
2 42 27    1.41421356E+00
2 42 63    1.73205081E+00
2 43 28    1.41421356E+00
2 43 64    1.73205081E+00
2 44 29    1.41421356E+00
2 44 65    1.73205081E+00
2 45 30    1.41421356E+00
2 45 66    1.73205081E+00
2 46 31    1.00000000E+00
2 46 67    1.41421356E+00
2 47 32    1.00000000E+00
2 47 68    1.41421356E+00
2 48 33    1.00000000E+00
2 48 69    1.41421356E+00
2 49 34    1.00000000E+00
2 49 70    1.41421356E+00
2 50 35    1.00000000E+00
2 50 71    1.41421356E+00
2 51 72    1.00000000E+00
2 52 73    1.00000000E+00
2 53 74    1.00000000E+00
2 54 75    1.00000000E+00
2 55 76    1.00000000E+00
2 56 77    1.00000000E+00
2 57 36    2.44948974E+00
2 57 85    2.64575131E+00
2 58 37    2.23606798E+00
2 58 86    2.44948974E+00
2 59 38    2.23606798E+00
2 59 87    2.44948974E+00
2 60 39    2.00000000E+00
2 60 88    2.23606798E+00
2 61 40    2.00000000E+00
2 61 89    2.23606798E+00
2 62 41    2.00000000E+00
2 62 90    2.23606798E+00
2 63 42    1.73205081E+00
2 63 91    2.00000000E+00
2 64 43    1.73205081E+00
2 64 92    2.00000000E+00
2 65 44    1.73205081E+00
2 65 93    2.00000000E+00
2 66 45    1.73205081E+00
2 66 94    2.00000000E+00
2 67 46    1.41421356E+00
2 67 95    1.73205081E+00
2 68 47    1.41421356E+00
2 68 96    1.73205081E+00
2 69 48    1.41421356E+00
2 69 97    1.73205081E+00
2 70 49    1.41421356E+00
2 70 98    1.73205081E+00
2 71 50    1.41421356E+00
2 71 99    1.73205081E+00
2 72 51    1.00000000E+00
2 72 100    1.41421356E+00
2 73 52    1.00000000E+00
2 73 101    1.41421356E+00
2 74 53    1.00000000E+00
2 74 102    1.41421356E+00
2 75 54    1.00000000E+00
2 75 103    1.41421356E+00
2 76 55    1.00000000E+00
2 76 104    1.41421356E+00
2 77 56    1.00000000E+00
2 77 105    1.41421356E+00
2 78 106    1.00000000E+00
2 79 107    1.00000000E+00
2 80 108    1.00000000E+00
2 81 109    1.00000000E+00
2 82 110    1.00000000E+00
2 83 111    1.00000000E+00
2 84 112    1.00000000E+00
2 85 57    2.64575131E+00
2 86 58    2.44948974E+00
2 87 59    2.44948974E+00
2 88 60    2.23606798E+00
2 89 61    2.23606798E+00
2 90 62    2.23606798E+00
2 91 63    2.00000000E+00
2 92 64    2.00000000E+00
2 93 65    2.00000000E+00
2 94 66    2.00000000E+00
2 95 67    1.73205081E+00
2 96 68    1.73205081E+00
2 97 69    1.73205081E+00
2 98 70    1.73205081E+00
2 99 71    1.73205081E+00
2 100 72    1.41421356E+00
2 101 73    1.41421356E+00
2 102 74    1.41421356E+00
2 103 75    1.41421356E+00
2 104 76    1.41421356E+00
2 105 77    1.41421356E+00
2 106 78    1.00000000E+00
2 107 79    1.00000000E+00
2 108 80    1.00000000E+00
2 109 81    1.00000000E+00
2 110 82    1.00000000E+00
2 111 83    1.00000000E+00
2 112 84    1.00000000E+00
3 1 3    1.00000000E+00
3 2 6    1.00000000E+00
3 3 1    1.00000000E+00
3 3 8    1.41421356E+00
3 4 9    1.00000000E+00
3 5 12    1.00000000E+00
3 6 2    1.00000000E+00
3 6 14    1.41421356E+00
3 7 15    1.00000000E+00
3 8 3    1.41421356E+00
3 8 17    1.73205081E+00
3 9 4    1.00000000E+00
3 9 18    1.41421356E+00
3 10 19    1.00000000E+00
3 11 22    1.00000000E+00
3 12 5    1.00000000E+00
3 12 24    1.41421356E+00
3 13 25    1.00000000E+00
3 14 6    1.41421356E+00
3 14 27    1.73205081E+00
3 15 7    1.00000000E+00
3 15 28    1.41421356E+00
3 16 29    1.00000000E+00
3 17 8    1.73205081E+00
3 17 31    2.00000000E+00
3 18 9    1.41421356E+00
3 18 32    1.73205081E+00
3 19 10    1.00000000E+00
3 19 33    1.41421356E+00
3 20 34    1.00000000E+00
3 21 37    1.00000000E+00
3 22 11    1.00000000E+00
3 22 39    1.41421356E+00
3 23 40    1.00000000E+00
3 24 12    1.41421356E+00
3 24 42    1.73205081E+00
3 25 13    1.00000000E+00
3 25 43    1.41421356E+00
3 26 44    1.00000000E+00
3 27 14    1.73205081E+00
3 27 46    2.00000000E+00
3 28 15    1.41421356E+00
3 28 47    1.73205081E+00
3 29 16    1.00000000E+00
3 29 48    1.41421356E+00
3 30 49    1.00000000E+00
3 31 17    2.00000000E+00
3 31 51    2.23606798E+00
3 32 18    1.73205081E+00
3 32 52    2.00000000E+00
3 33 19    1.41421356E+00
3 33 53    1.73205081E+00
3 34 20    1.00000000E+00
3 34 54    1.41421356E+00
3 35 55    1.00000000E+00
3 36 58    1.00000000E+00
3 37 21    1.00000000E+00
3 37 60    1.41421356E+00
3 38 61    1.00000000E+00
3 39 22    1.41421356E+00
3 39 63    1.73205081E+00
3 40 23    1.00000000E+00
3 40 64    1.41421356E+00
3 41 65    1.00000000E+00
3 42 24    1.73205081E+00
3 42 67    2.00000000E+00
3 43 25    1.41421356E+00
3 43 68    1.73205081E+00
3 44 26    1.00000000E+00
3 44 69    1.41421356E+00
3 45 70    1.00000000E+00
3 46 27    2.00000000E+00
3 46 72    2.23606798E+00
3 47 28    1.73205081E+00
3 47 73    2.00000000E+00
3 48 29    1.41421356E+00
3 48 74    1.73205081E+00
3 49 30    1.00000000E+00
3 49 75    1.41421356E+00
3 50 76    1.00000000E+00
3 51 31    2.23606798E+00
3 51 78    2.44948974E+00
3 52 32    2.00000000E+00
3 52 79    2.23606798E+00
3 53 33    1.73205081E+00
3 53 80    2.00000000E+00
3 54 34    1.41421356E+00
3 54 81    1.73205081E+00
3 55 35    1.00000000E+00
3 55 82    1.41421356E+00
3 56 83    1.00000000E+00
3 57 86    1.00000000E+00
3 58 36    1.00000000E+00
3 58 88    1.41421356E+00
3 59 89    1.00000000E+00
3 60 37    1.41421356E+00
3 60 91    1.73205081E+00
3 61 38    1.00000000E+00
3 61 92    1.41421356E+00
3 62 93    1.00000000E+00
3 63 39    1.73205081E+00
3 63 95    2.00000000E+00
3 64 40    1.41421356E+00
3 64 96    1.73205081E+00
3 65 41    1.00000000E+00
3 65 97    1.41421356E+00
3 66 98    1.00000000E+00
3 67 42    2.00000000E+00
3 67 100    2.23606798E+00
3 68 43    1.73205081E+00
3 68 101    2.00000000E+00
3 69 44    1.41421356E+00
3 69 102    1.73205081E+00
3 70 45    1.00000000E+00
3 70 103    1.41421356E+00
3 71 104    1.00000000E+00
3 72 46    2.23606798E+00
3 72 106    2.44948974E+00
3 73 47    2.00000000E+00
3 73 107    2.23606798E+00
3 74 48    1.73205081E+00
3 74 108    2.00000000E+00
3 75 49    1.41421356E+00
3 75 109    1.73205081E+00
3 76 50    1.00000000E+00
3 76 110    1.41421356E+00
3 77 111    1.00000000E+00
3 78 51    2.44948974E+00
3 78 113    2.64575131E+00
3 79 52    2.23606798E+00
3 79 114    2.44948974E+00
3 80 53    2.00000000E+00
3 80 115    2.23606798E+00
3 81 54    1.73205081E+00
3 81 116    2.00000000E+00
3 82 55    1.41421356E+00
3 82 117    1.73205081E+00
3 83 56    1.00000000E+00
3 83 118    1.41421356E+00
3 84 119    1.00000000E+00
3 86 57    1.00000000E+00
3 88 58    1.41421356E+00
3 89 59    1.00000000E+00
3 91 60    1.73205081E+00
3 92 61    1.41421356E+00
3 93 62    1.00000000E+00
3 95 63    2.00000000E+00
3 96 64    1.73205081E+00
3 97 65    1.41421356E+00
3 98 66    1.00000000E+00
3 100 67    2.23606798E+00
3 101 68    2.00000000E+00
3 102 69    1.73205081E+00
3 103 70    1.41421356E+00
3 104 71    1.00000000E+00
3 106 72    2.44948974E+00
3 107 73    2.23606798E+00
3 108 74    2.00000000E+00
3 109 75    1.73205081E+00
3 110 76    1.41421356E+00
3 111 77    1.00000000E+00
3 113 78    2.64575131E+00
3 114 79    2.44948974E+00
3 115 80    2.23606798E+00
3 116 81    2.00000000E+00
3 117 82    1.73205081E+00
3 118 83    1.41421356E+00
3 119 84    1.00000000E+00
4 1 4    1.00000000E+00
4 2 7    1.00000000E+00
4 3 9    1.00000000E+00
4 4 1    1.00000000E+00
4 4 10    1.41421356E+00
4 5 13    1.00000000E+00
4 6 15    1.00000000E+00
4 7 2    1.00000000E+00
4 7 16    1.41421356E+00
4 8 18    1.00000000E+00
4 9 3    1.00000000E+00
4 9 19    1.41421356E+00
4 10 4    1.41421356E+00
4 10 20    1.73205081E+00
4 11 23    1.00000000E+00
4 12 25    1.00000000E+00
4 13 5    1.00000000E+00
4 13 26    1.41421356E+00
4 14 28    1.00000000E+00
4 15 6    1.00000000E+00
4 15 29    1.41421356E+00
4 16 7    1.41421356E+00
4 16 30    1.73205081E+00
4 17 32    1.00000000E+00
4 18 8    1.00000000E+00
4 18 33    1.41421356E+00
4 19 9    1.41421356E+00
4 19 34    1.73205081E+00
4 20 10    1.73205081E+00
4 20 35    2.00000000E+00
4 21 38    1.00000000E+00
4 22 40    1.00000000E+00
4 23 11    1.00000000E+00
4 23 41    1.41421356E+00
4 24 43    1.00000000E+00
4 25 12    1.00000000E+00
4 25 44    1.41421356E+00
4 26 13    1.41421356E+00
4 26 45    1.73205081E+00
4 27 47    1.00000000E+00
4 28 14    1.00000000E+00
4 28 48    1.41421356E+00
4 29 15    1.41421356E+00
4 29 49    1.73205081E+00
4 30 16    1.73205081E+00
4 30 50    2.00000000E+00
4 31 52    1.00000000E+00
4 32 17    1.00000000E+00
4 32 53    1.41421356E+00
4 33 18    1.41421356E+00
4 33 54    1.73205081E+00
4 34 19    1.73205081E+00
4 34 55    2.00000000E+00
4 35 20    2.00000000E+00
4 35 56    2.23606798E+00
4 36 59    1.00000000E+00
4 37 61    1.00000000E+00
4 38 21    1.00000000E+00
4 38 62    1.41421356E+00
4 39 64    1.00000000E+00
4 40 22    1.00000000E+00
4 40 65    1.41421356E+00
4 41 23    1.41421356E+00
4 41 66    1.73205081E+00
4 42 68    1.00000000E+00
4 43 24    1.00000000E+00
4 43 69    1.41421356E+00
4 44 25    1.41421356E+00
4 44 70    1.73205081E+00
4 45 26    1.73205081E+00
4 45 71    2.00000000E+00
4 46 73    1.00000000E+00
4 47 27    1.00000000E+00
4 47 74    1.41421356E+00
4 48 28    1.41421356E+00
4 48 75    1.73205081E+00
4 49 29    1.73205081E+00
4 49 76    2.00000000E+00
4 50 30    2.00000000E+00
4 50 77    2.23606798E+00
4 51 79    1.00000000E+00
4 52 31    1.00000000E+00
4 52 80    1.41421356E+00
4 53 32    1.41421356E+00
4 53 81    1.73205081E+00
4 54 33    1.73205081E+00
4 54 82    2.00000000E+00
4 55 34    2.00000000E+00
4 55 83    2.23606798E+00
4 56 35    2.23606798E+00
4 56 84    2.44948974E+00
4 57 87    1.00000000E+00
4 58 89    1.00000000E+00
4 59 36    1.00000000E+00
4 59 90    1.41421356E+00
4 60 92    1.00000000E+00
4 61 37    1.00000000E+00
4 61 93    1.41421356E+00
4 62 38    1.41421356E+00
4 62 94    1.73205081E+00
4 63 96    1.00000000E+00
4 64 39    1.00000000E+00
4 64 97    1.41421356E+00
4 65 40    1.41421356E+00
4 65 98    1.73205081E+00
4 66 41    1.73205081E+00
4 66 99    2.00000000E+00
4 67 101    1.00000000E+00
4 68 42    1.00000000E+00
4 68 102    1.41421356E+00
4 69 43    1.41421356E+00
4 69 103    1.73205081E+00
4 70 44    1.73205081E+00
4 70 104    2.00000000E+00
4 71 45    2.00000000E+00
4 71 105    2.23606798E+00
4 72 107    1.00000000E+00
4 73 46    1.00000000E+00
4 73 108    1.41421356E+00
4 74 47    1.41421356E+00
4 74 109    1.73205081E+00
4 75 48    1.73205081E+00
4 75 110    2.00000000E+00
4 76 49    2.00000000E+00
4 76 111    2.23606798E+00
4 77 50    2.23606798E+00
4 77 112    2.44948974E+00
4 78 114    1.00000000E+00
4 79 51    1.00000000E+00
4 79 115    1.41421356E+00
4 80 52    1.41421356E+00
4 80 116    1.73205081E+00
4 81 53    1.73205081E+00
4 81 117    2.00000000E+00
4 82 54    2.00000000E+00
4 82 118    2.23606798E+00
4 83 55    2.23606798E+00
4 83 119    2.44948974E+00
4 84 56    2.44948974E+00
4 84 120    2.64575131E+00
4 87 57    1.00000000E+00
4 89 58    1.00000000E+00
4 90 59    1.41421356E+00
4 92 60    1.00000000E+00
4 93 61    1.41421356E+00
4 94 62    1.73205081E+00
4 96 63    1.00000000E+00
4 97 64    1.41421356E+00
4 98 65    1.73205081E+00
4 99 66    2.00000000E+00
4 101 67    1.00000000E+00
4 102 68    1.41421356E+00
4 103 69    1.73205081E+00
4 104 70    2.00000000E+00
4 105 71    2.23606798E+00
4 107 72    1.00000000E+00
4 108 73    1.41421356E+00
4 109 74    1.73205081E+00
4 110 75    2.00000000E+00
4 111 76    2.23606798E+00
4 112 77    2.44948974E+00
4 114 78    1.00000000E+00
4 115 79    1.41421356E+00
4 116 80    1.73205081E+00
4 117 81    2.00000000E+00
4 118 82    2.23606798E+00
4 119 83    2.44948974E+00
4 120 84    2.64575131E+00
5 1 5    1.00000000E+00
5 2 2    1.41421356E+00
5 2 11    1.73205081E+00
5 3 12    1.00000000E+00
5 4 13    1.00000000E+00
5 5 1    1.00000000E+00
5 5 5    2.82842712E+00
5 5 21    2.44948974E+00
5 6 6    1.41421356E+00
5 6 22    1.73205081E+00
5 7 7    1.41421356E+00
5 7 23    1.73205081E+00
5 8 24    1.00000000E+00
5 9 25    1.00000000E+00
5 10 26    1.00000000E+00
5 11 2    1.73205081E+00
5 11 11    4.24264069E+00
5 11 36    3.16227766E+00
5 12 3    1.00000000E+00
5 12 12    2.82842712E+00
5 12 37    2.44948974E+00
5 13 4    1.00000000E+00
5 13 13    2.82842712E+00
5 13 38    2.44948974E+00
5 14 14    1.41421356E+00
5 14 39    1.73205081E+00
5 15 15    1.41421356E+00
5 15 40    1.73205081E+00
5 16 16    1.41421356E+00
5 16 41    1.73205081E+00
5 17 42    1.00000000E+00
5 18 43    1.00000000E+00
5 19 44    1.00000000E+00
5 20 45    1.00000000E+00
5 21 5    2.44948974E+00
5 21 21    5.65685425E+00
5 21 57    3.87298335E+00
5 22 6    1.73205081E+00
5 22 22    4.24264069E+00
5 22 58    3.16227766E+00
5 23 7    1.73205081E+00
5 23 23    4.24264069E+00
5 23 59    3.16227766E+00
5 24 8    1.00000000E+00
5 24 24    2.82842712E+00
5 24 60    2.44948974E+00
5 25 9    1.00000000E+00
5 25 25    2.82842712E+00
5 25 61    2.44948974E+00
5 26 10    1.00000000E+00
5 26 26    2.82842712E+00
5 26 62    2.44948974E+00
5 27 27    1.41421356E+00
5 27 63    1.73205081E+00
5 28 28    1.41421356E+00
5 28 64    1.73205081E+00
5 29 29    1.41421356E+00
5 29 65    1.73205081E+00
5 30 30    1.41421356E+00
5 30 66    1.73205081E+00
5 31 67    1.00000000E+00
5 32 68    1.00000000E+00
5 33 69    1.00000000E+00
5 34 70    1.00000000E+00
5 35 71    1.00000000E+00
5 36 11    3.16227766E+00
5 36 36    7.07106781E+00
5 36 85    4.58257569E+00
5 37 12    2.44948974E+00
5 37 37    5.65685425E+00
5 37 86    3.87298335E+00
5 38 13    2.44948974E+00
5 38 38    5.65685425E+00
5 38 87    3.87298335E+00
5 39 14    1.73205081E+00
5 39 39    4.24264069E+00
5 39 88    3.16227766E+00
5 40 15    1.73205081E+00
5 40 40    4.24264069E+00
5 40 89    3.16227766E+00
5 41 16    1.73205081E+00
5 41 41    4.24264069E+00
5 41 90    3.16227766E+00
5 42 17    1.00000000E+00
5 42 42    2.82842712E+00
5 42 91    2.44948974E+00
5 43 18    1.00000000E+00
5 43 43    2.82842712E+00
5 43 92    2.44948974E+00
5 44 19    1.00000000E+00
5 44 44    2.82842712E+00
5 44 93    2.44948974E+00
5 45 20    1.00000000E+00
5 45 45    2.82842712E+00
5 45 94    2.44948974E+00
5 46 46    1.41421356E+00
5 46 95    1.73205081E+00
5 47 47    1.41421356E+00
5 47 96    1.73205081E+00
5 48 48    1.41421356E+00
5 48 97    1.73205081E+00
5 49 49    1.41421356E+00
5 49 98    1.73205081E+00
5 50 50    1.41421356E+00
5 50 99    1.73205081E+00
5 51 100    1.00000000E+00
5 52 101    1.00000000E+00
5 53 102    1.00000000E+00
5 54 103    1.00000000E+00
5 55 104    1.00000000E+00
5 56 105    1.00000000E+00
5 57 21    3.87298335E+00
5 57 57    8.48528137E+00
5 58 22    3.16227766E+00
5 58 58    7.07106781E+00
5 59 23    3.16227766E+00
5 59 59    7.07106781E+00
5 60 24    2.44948974E+00
5 60 60    5.65685425E+00
5 61 25    2.44948974E+00
5 61 61    5.65685425E+00
5 62 26    2.44948974E+00
5 62 62    5.65685425E+00
5 63 27    1.73205081E+00
5 63 63    4.24264069E+00
5 64 28    1.73205081E+00
5 64 64    4.24264069E+00
5 65 29    1.73205081E+00
5 65 65    4.24264069E+00
5 66 30    1.73205081E+00
5 66 66    4.24264069E+00
5 67 31    1.00000000E+00
5 67 67    2.82842712E+00
5 68 32    1.00000000E+00
5 68 68    2.82842712E+00
5 69 33    1.00000000E+00
5 69 69    2.82842712E+00
5 70 34    1.00000000E+00
5 70 70    2.82842712E+00
5 71 35    1.00000000E+00
5 71 71    2.82842712E+00
5 72 72    1.41421356E+00
5 73 73    1.41421356E+00
5 74 74    1.41421356E+00
5 75 75    1.41421356E+00
5 76 76    1.41421356E+00
5 77 77    1.41421356E+00
5 85 36    4.58257569E+00
5 85 85    9.89949494E+00
5 86 37    3.87298335E+00
5 86 86    8.48528137E+00
5 87 38    3.87298335E+00
5 87 87    8.48528137E+00
5 88 39    3.16227766E+00
5 88 88    7.07106781E+00
5 89 40    3.16227766E+00
5 89 89    7.07106781E+00
5 90 41    3.16227766E+00
5 90 90    7.07106781E+00
5 91 42    2.44948974E+00
5 91 91    5.65685425E+00
5 92 43    2.44948974E+00
5 92 92    5.65685425E+00
5 93 44    2.44948974E+00
5 93 93    5.65685425E+00
5 94 45    2.44948974E+00
5 94 94    5.65685425E+00
5 95 46    1.73205081E+00
5 95 95    4.24264069E+00
5 96 47    1.73205081E+00
5 96 96    4.24264069E+00
5 97 48    1.73205081E+00
5 97 97    4.24264069E+00
5 98 49    1.73205081E+00
5 98 98    4.24264069E+00
5 99 50    1.73205081E+00
5 99 99    4.24264069E+00
5 100 51    1.00000000E+00
5 100 100    2.82842712E+00
5 101 52    1.00000000E+00
5 101 101    2.82842712E+00
5 102 53    1.00000000E+00
5 102 102    2.82842712E+00
5 103 54    1.00000000E+00
5 103 103    2.82842712E+00
5 104 55    1.00000000E+00
5 104 104    2.82842712E+00
5 105 56    1.00000000E+00
5 105 105    2.82842712E+00
5 106 106    1.41421356E+00
5 107 107    1.41421356E+00
5 108 108    1.41421356E+00
5 109 109    1.41421356E+00
5 110 110    1.41421356E+00
5 111 111    1.41421356E+00
5 112 112    1.41421356E+00
6 1 6    1.00000000E+00
6 2 3    1.00000000E+00
6 2 12    1.41421356E+00
6 3 2    1.00000000E+00
6 3 14    1.41421356E+00
6 4 15    1.00000000E+00
6 5 6    1.41421356E+00
6 5 22    1.73205081E+00
6 6 1    1.00000000E+00
6 6 5    1.41421356E+00
6 6 8    1.41421356E+00
6 6 24    2.00000000E+00
6 7 9    1.00000000E+00
6 7 25    1.41421356E+00
6 8 6    1.41421356E+00
6 8 27    1.73205081E+00
6 9 7    1.00000000E+00
6 9 28    1.41421356E+00
6 10 29    1.00000000E+00
6 11 12    1.73205081E+00
6 11 37    2.00000000E+00
6 12 2    1.41421356E+00
6 12 11    1.73205081E+00
6 12 14    2.00000000E+00
6 12 39    2.44948974E+00
6 13 15    1.41421356E+00
6 13 40    1.73205081E+00
6 14 3    1.41421356E+00
6 14 12    2.00000000E+00
6 14 17    1.73205081E+00
6 14 42    2.44948974E+00
6 15 4    1.00000000E+00
6 15 13    1.41421356E+00
6 15 18    1.41421356E+00
6 15 43    2.00000000E+00
6 16 19    1.00000000E+00
6 16 44    1.41421356E+00
6 17 14    1.73205081E+00
6 17 46    2.00000000E+00
6 18 15    1.41421356E+00
6 18 47    1.73205081E+00
6 19 16    1.00000000E+00
6 19 48    1.41421356E+00
6 20 49    1.00000000E+00
6 21 22    2.00000000E+00
6 21 58    2.23606798E+00
6 22 5    1.73205081E+00
6 22 21    2.00000000E+00
6 22 24    2.44948974E+00
6 22 60    2.82842712E+00
6 23 25    1.73205081E+00
6 23 61    2.00000000E+00
6 24 6    2.00000000E+00
6 24 22    2.44948974E+00
6 24 27    2.44948974E+00
6 24 63    3.00000000E+00
6 25 7    1.41421356E+00
6 25 23    1.73205081E+00
6 25 28    2.00000000E+00
6 25 64    2.44948974E+00
6 26 29    1.41421356E+00
6 26 65    1.73205081E+00
6 27 8    1.73205081E+00
6 27 24    2.44948974E+00
6 27 31    2.00000000E+00
6 27 67    2.82842712E+00
6 28 9    1.41421356E+00
6 28 25    2.00000000E+00
6 28 32    1.73205081E+00
6 28 68    2.44948974E+00
6 29 10    1.00000000E+00
6 29 26    1.41421356E+00
6 29 33    1.41421356E+00
6 29 69    2.00000000E+00
6 30 34    1.00000000E+00
6 30 70    1.41421356E+00
6 31 27    2.00000000E+00
6 31 72    2.23606798E+00
6 32 28    1.73205081E+00
6 32 73    2.00000000E+00
6 33 29    1.41421356E+00
6 33 74    1.73205081E+00
6 34 30    1.00000000E+00
6 34 75    1.41421356E+00
6 35 76    1.00000000E+00
6 36 37    2.23606798E+00
6 36 86    2.44948974E+00
6 37 11    2.00000000E+00
6 37 36    2.23606798E+00
6 37 39    2.82842712E+00
6 37 88    3.16227766E+00
6 38 40    2.00000000E+00
6 38 89    2.23606798E+00
6 39 12    2.44948974E+00
6 39 37    2.82842712E+00
6 39 42    3.00000000E+00
6 39 91    3.46410162E+00
6 40 13    1.73205081E+00
6 40 38    2.00000000E+00
6 40 43    2.44948974E+00
6 40 92    2.82842712E+00
6 41 44    1.73205081E+00
6 41 93    2.00000000E+00
6 42 14    2.44948974E+00
6 42 39    3.00000000E+00
6 42 46    2.82842712E+00
6 42 95    3.46410162E+00
6 43 15    2.00000000E+00
6 43 40    2.44948974E+00
6 43 47    2.44948974E+00
6 43 96    3.00000000E+00
6 44 16    1.41421356E+00
6 44 41    1.73205081E+00
6 44 48    2.00000000E+00
6 44 97    2.44948974E+00
6 45 49    1.41421356E+00
6 45 98    1.73205081E+00
6 46 17    2.00000000E+00
6 46 42    2.82842712E+00
6 46 51    2.23606798E+00
6 46 100    3.16227766E+00
6 47 18    1.73205081E+00
6 47 43    2.44948974E+00
6 47 52    2.00000000E+00
6 47 101    2.82842712E+00
6 48 19    1.41421356E+00
6 48 44    2.00000000E+00
6 48 53    1.73205081E+00
6 48 102    2.44948974E+00
6 49 20    1.00000000E+00
6 49 45    1.41421356E+00
6 49 54    1.41421356E+00
6 49 103    2.00000000E+00
6 50 55    1.00000000E+00
6 50 104    1.41421356E+00
6 51 46    2.23606798E+00
6 51 106    2.44948974E+00
6 52 47    2.00000000E+00
6 52 107    2.23606798E+00
6 53 48    1.73205081E+00
6 53 108    2.00000000E+00
6 54 49    1.41421356E+00
6 54 109    1.73205081E+00
6 55 50    1.00000000E+00
6 55 110    1.41421356E+00
6 56 111    1.00000000E+00
6 57 58    2.44948974E+00
6 58 21    2.23606798E+00
6 58 57    2.44948974E+00
6 58 60    3.16227766E+00
6 59 61    2.23606798E+00
6 60 22    2.82842712E+00
6 60 58    3.16227766E+00
6 60 63    3.46410162E+00
6 61 23    2.00000000E+00
6 61 59    2.23606798E+00
6 61 64    2.82842712E+00
6 62 65    2.00000000E+00
6 63 24    3.00000000E+00
6 63 60    3.46410162E+00
6 63 67    3.46410162E+00
6 64 25    2.44948974E+00
6 64 61    2.82842712E+00
6 64 68    3.00000000E+00
6 65 26    1.73205081E+00
6 65 62    2.00000000E+00
6 65 69    2.44948974E+00
6 66 70    1.73205081E+00
6 67 27    2.82842712E+00
6 67 63    3.46410162E+00
6 67 72    3.16227766E+00
6 68 28    2.44948974E+00
6 68 64    3.00000000E+00
6 68 73    2.82842712E+00
6 69 29    2.00000000E+00
6 69 65    2.44948974E+00
6 69 74    2.44948974E+00
6 70 30    1.41421356E+00
6 70 66    1.73205081E+00
6 70 75    2.00000000E+00
6 71 76    1.41421356E+00
6 72 31    2.23606798E+00
6 72 67    3.16227766E+00
6 72 78    2.44948974E+00
6 73 32    2.00000000E+00
6 73 68    2.82842712E+00
6 73 79    2.23606798E+00
6 74 33    1.73205081E+00
6 74 69    2.44948974E+00
6 74 80    2.00000000E+00
6 75 34    1.41421356E+00
6 75 70    2.00000000E+00
6 75 81    1.73205081E+00
6 76 35    1.00000000E+00
6 76 71    1.41421356E+00
6 76 82    1.41421356E+00
6 77 83    1.00000000E+00
6 78 72    2.44948974E+00
6 79 73    2.23606798E+00
6 80 74    2.00000000E+00
6 81 75    1.73205081E+00
6 82 76    1.41421356E+00
6 83 77    1.00000000E+00
6 85 86    2.64575131E+00
6 86 36    2.44948974E+00
6 86 85    2.64575131E+00
6 86 88    3.46410162E+00
6 87 89    2.44948974E+00
6 88 37    3.16227766E+00
6 88 86    3.46410162E+00
6 88 91    3.87298335E+00
6 89 38    2.23606798E+00
6 89 87    2.44948974E+00
6 89 92    3.16227766E+00
6 90 93    2.23606798E+00
6 91 39    3.46410162E+00
6 91 88    3.87298335E+00
6 91 95    4.00000000E+00
6 92 40    2.82842712E+00
6 92 89    3.16227766E+00
6 92 96    3.46410162E+00
6 93 41    2.00000000E+00
6 93 90    2.23606798E+00
6 93 97    2.82842712E+00
6 94 98    2.00000000E+00
6 95 42    3.46410162E+00
6 95 91    4.00000000E+00
6 95 100    3.87298335E+00
6 96 43    3.00000000E+00
6 96 92    3.46410162E+00
6 96 101    3.46410162E+00
6 97 44    2.44948974E+00
6 97 93    2.82842712E+00
6 97 102    3.00000000E+00
6 98 45    1.73205081E+00
6 98 94    2.00000000E+00
6 98 103    2.44948974E+00
6 99 104    1.73205081E+00
6 100 46    3.16227766E+00
6 100 95    3.87298335E+00
6 100 106    3.46410162E+00
6 101 47    2.82842712E+00
6 101 96    3.46410162E+00
6 101 107    3.16227766E+00
6 102 48    2.44948974E+00
6 102 97    3.00000000E+00
6 102 108    2.82842712E+00
6 103 49    2.00000000E+00
6 103 98    2.44948974E+00
6 103 109    2.44948974E+00
6 104 50    1.41421356E+00
6 104 99    1.73205081E+00
6 104 110    2.00000000E+00
6 105 111    1.41421356E+00
6 106 51    2.44948974E+00
6 106 100    3.46410162E+00
6 106 113    2.64575131E+00
6 107 52    2.23606798E+00
6 107 101    3.16227766E+00
6 107 114    2.44948974E+00
6 108 53    2.00000000E+00
6 108 102    2.82842712E+00
6 108 115    2.23606798E+00
6 109 54    1.73205081E+00
6 109 103    2.44948974E+00
6 109 116    2.00000000E+00
6 110 55    1.41421356E+00
6 110 104    2.00000000E+00
6 110 117    1.73205081E+00
6 111 56    1.00000000E+00
6 111 105    1.41421356E+00
6 111 118    1.41421356E+00
6 112 119    1.00000000E+00
6 113 106    2.64575131E+00
6 114 107    2.44948974E+00
6 115 108    2.23606798E+00
6 116 109    2.00000000E+00
6 117 110    1.73205081E+00
6 118 111    1.41421356E+00
6 119 112    1.00000000E+00
7 1 7    1.00000000E+00
7 2 4    1.00000000E+00
7 2 13    1.41421356E+00
7 3 15    1.00000000E+00
7 4 2    1.00000000E+00
7 4 16    1.41421356E+00
7 5 7    1.41421356E+00
7 5 23    1.73205081E+00
7 6 9    1.00000000E+00
7 6 25    1.41421356E+00
7 7 1    1.00000000E+00
7 7 5    1.41421356E+00
7 7 10    1.41421356E+00
7 7 26    2.00000000E+00
7 8 28    1.00000000E+00
7 9 6    1.00000000E+00
7 9 29    1.41421356E+00
7 10 7    1.41421356E+00
7 10 30    1.73205081E+00
7 11 13    1.73205081E+00
7 11 38    2.00000000E+00
7 12 15    1.41421356E+00
7 12 40    1.73205081E+00
7 13 2    1.41421356E+00
7 13 11    1.73205081E+00
7 13 16    2.00000000E+00
7 13 41    2.44948974E+00
7 14 18    1.00000000E+00
7 14 43    1.41421356E+00
7 15 3    1.00000000E+00
7 15 12    1.41421356E+00
7 15 19    1.41421356E+00
7 15 44    2.00000000E+00
7 16 4    1.41421356E+00
7 16 13    2.00000000E+00
7 16 20    1.73205081E+00
7 16 45    2.44948974E+00
7 17 47    1.00000000E+00
7 18 14    1.00000000E+00
7 18 48    1.41421356E+00
7 19 15    1.41421356E+00
7 19 49    1.73205081E+00
7 20 16    1.73205081E+00
7 20 50    2.00000000E+00
7 21 23    2.00000000E+00
7 21 59    2.23606798E+00
7 22 25    1.73205081E+00
7 22 61    2.00000000E+00
7 23 5    1.73205081E+00
7 23 21    2.00000000E+00
7 23 26    2.44948974E+00
7 23 62    2.82842712E+00
7 24 28    1.41421356E+00
7 24 64    1.73205081E+00
7 25 6    1.41421356E+00
7 25 22    1.73205081E+00
7 25 29    2.00000000E+00
7 25 65    2.44948974E+00
7 26 7    2.00000000E+00
7 26 23    2.44948974E+00
7 26 30    2.44948974E+00
7 26 66    3.00000000E+00
7 27 32    1.00000000E+00
7 27 68    1.41421356E+00
7 28 8    1.00000000E+00
7 28 24    1.41421356E+00
7 28 33    1.41421356E+00
7 28 69    2.00000000E+00
7 29 9    1.41421356E+00
7 29 25    2.00000000E+00
7 29 34    1.73205081E+00
7 29 70    2.44948974E+00
7 30 10    1.73205081E+00
7 30 26    2.44948974E+00
7 30 35    2.00000000E+00
7 30 71    2.82842712E+00
7 31 73    1.00000000E+00
7 32 27    1.00000000E+00
7 32 74    1.41421356E+00
7 33 28    1.41421356E+00
7 33 75    1.73205081E+00
7 34 29    1.73205081E+00
7 34 76    2.00000000E+00
7 35 30    2.00000000E+00
7 35 77    2.23606798E+00
7 36 38    2.23606798E+00
7 36 87    2.44948974E+00
7 37 40    2.00000000E+00
7 37 89    2.23606798E+00
7 38 11    2.00000000E+00
7 38 36    2.23606798E+00
7 38 41    2.82842712E+00
7 38 90    3.16227766E+00
7 39 43    1.73205081E+00
7 39 92    2.00000000E+00
7 40 12    1.73205081E+00
7 40 37    2.00000000E+00
7 40 44    2.44948974E+00
7 40 93    2.82842712E+00
7 41 13    2.44948974E+00
7 41 38    2.82842712E+00
7 41 45    3.00000000E+00
7 41 94    3.46410162E+00
7 42 47    1.41421356E+00
7 42 96    1.73205081E+00
7 43 14    1.41421356E+00
7 43 39    1.73205081E+00
7 43 48    2.00000000E+00
7 43 97    2.44948974E+00
7 44 15    2.00000000E+00
7 44 40    2.44948974E+00
7 44 49    2.44948974E+00
7 44 98    3.00000000E+00
7 45 16    2.44948974E+00
7 45 41    3.00000000E+00
7 45 50    2.82842712E+00
7 45 99    3.46410162E+00
7 46 52    1.00000000E+00
7 46 101    1.41421356E+00
7 47 17    1.00000000E+00
7 47 42    1.41421356E+00
7 47 53    1.41421356E+00
7 47 102    2.00000000E+00
7 48 18    1.41421356E+00
7 48 43    2.00000000E+00
7 48 54    1.73205081E+00
7 48 103    2.44948974E+00
7 49 19    1.73205081E+00
7 49 44    2.44948974E+00
7 49 55    2.00000000E+00
7 49 104    2.82842712E+00
7 50 20    2.00000000E+00
7 50 45    2.82842712E+00
7 50 56    2.23606798E+00
7 50 105    3.16227766E+00
7 51 107    1.00000000E+00
7 52 46    1.00000000E+00
7 52 108    1.41421356E+00
7 53 47    1.41421356E+00
7 53 109    1.73205081E+00
7 54 48    1.73205081E+00
7 54 110    2.00000000E+00
7 55 49    2.00000000E+00
7 55 111    2.23606798E+00
7 56 50    2.23606798E+00
7 56 112    2.44948974E+00
7 57 59    2.44948974E+00
7 58 61    2.23606798E+00
7 59 21    2.23606798E+00
7 59 57    2.44948974E+00
7 59 62    3.16227766E+00
7 60 64    2.00000000E+00
7 61 22    2.00000000E+00
7 61 58    2.23606798E+00
7 61 65    2.82842712E+00
7 62 23    2.82842712E+00
7 62 59    3.16227766E+00
7 62 66    3.46410162E+00
7 63 68    1.73205081E+00
7 64 24    1.73205081E+00
7 64 60    2.00000000E+00
7 64 69    2.44948974E+00
7 65 25    2.44948974E+00
7 65 61    2.82842712E+00
7 65 70    3.00000000E+00
7 66 26    3.00000000E+00
7 66 62    3.46410162E+00
7 66 71    3.46410162E+00
7 67 73    1.41421356E+00
7 68 27    1.41421356E+00
7 68 63    1.73205081E+00
7 68 74    2.00000000E+00
7 69 28    2.00000000E+00
7 69 64    2.44948974E+00
7 69 75    2.44948974E+00
7 70 29    2.44948974E+00
7 70 65    3.00000000E+00
7 70 76    2.82842712E+00
7 71 30    2.82842712E+00
7 71 66    3.46410162E+00
7 71 77    3.16227766E+00
7 72 79    1.00000000E+00
7 73 31    1.00000000E+00
7 73 67    1.41421356E+00
7 73 80    1.41421356E+00
7 74 32    1.41421356E+00
7 74 68    2.00000000E+00
7 74 81    1.73205081E+00
7 75 33    1.73205081E+00
7 75 69    2.44948974E+00
7 75 82    2.00000000E+00
7 76 34    2.00000000E+00
7 76 70    2.82842712E+00
7 76 83    2.23606798E+00
7 77 35    2.23606798E+00
7 77 71    3.16227766E+00
7 77 84    2.44948974E+00
7 79 72    1.00000000E+00
7 80 73    1.41421356E+00
7 81 74    1.73205081E+00
7 82 75    2.00000000E+00
7 83 76    2.23606798E+00
7 84 77    2.44948974E+00
7 85 87    2.64575131E+00
7 86 89    2.44948974E+00
7 87 36    2.44948974E+00
7 87 85    2.64575131E+00
7 87 90    3.46410162E+00
7 88 92    2.23606798E+00
7 89 37    2.23606798E+00
7 89 86    2.44948974E+00
7 89 93    3.16227766E+00
7 90 38    3.16227766E+00
7 90 87    3.46410162E+00
7 90 94    3.87298335E+00
7 91 96    2.00000000E+00
7 92 39    2.00000000E+00
7 92 88    2.23606798E+00
7 92 97    2.82842712E+00
7 93 40    2.82842712E+00
7 93 89    3.16227766E+00
7 93 98    3.46410162E+00
7 94 41    3.46410162E+00
7 94 90    3.87298335E+00
7 94 99    4.00000000E+00
7 95 101    1.73205081E+00
7 96 42    1.73205081E+00
7 96 91    2.00000000E+00
7 96 102    2.44948974E+00
7 97 43    2.44948974E+00
7 97 92    2.82842712E+00
7 97 103    3.00000000E+00
7 98 44    3.00000000E+00
7 98 93    3.46410162E+00
7 98 104    3.46410162E+00
7 99 45    3.46410162E+00
7 99 94    4.00000000E+00
7 99 105    3.87298335E+00
7 100 107    1.41421356E+00
7 101 46    1.41421356E+00
7 101 95    1.73205081E+00
7 101 108    2.00000000E+00
7 102 47    2.00000000E+00
7 102 96    2.44948974E+00
7 102 109    2.44948974E+00
7 103 48    2.44948974E+00
7 103 97    3.00000000E+00
7 103 110    2.82842712E+00
7 104 49    2.82842712E+00
7 104 98    3.46410162E+00
7 104 111    3.16227766E+00
7 105 50    3.16227766E+00
7 105 99    3.87298335E+00
7 105 112    3.46410162E+00
7 106 114    1.00000000E+00
7 107 51    1.00000000E+00
7 107 100    1.41421356E+00
7 107 115    1.41421356E+00
7 108 52    1.41421356E+00
7 108 101    2.00000000E+00
7 108 116    1.73205081E+00
7 109 53    1.73205081E+00
7 109 102    2.44948974E+00
7 109 117    2.00000000E+00
7 110 54    2.00000000E+00
7 110 103    2.82842712E+00
7 110 118    2.23606798E+00
7 111 55    2.23606798E+00
7 111 104    3.16227766E+00
7 111 119    2.44948974E+00
7 112 56    2.44948974E+00
7 112 105    3.46410162E+00
7 112 120    2.64575131E+00
7 114 106    1.00000000E+00
7 115 107    1.41421356E+00
7 116 108    1.73205081E+00
7 117 109    2.00000000E+00
7 118 110    2.23606798E+00
7 119 111    2.44948974E+00
7 120 112    2.64575131E+00
8 1 8    1.00000000E+00
8 2 14    1.00000000E+00
8 3 3    1.41421356E+00
8 3 17    1.73205081E+00
8 4 18    1.00000000E+00
8 5 24    1.00000000E+00
8 6 6    1.41421356E+00
8 6 27    1.73205081E+00
8 7 28    1.00000000E+00
8 8 1    1.00000000E+00
8 8 8    2.82842712E+00
8 8 31    2.44948974E+00
8 9 9    1.41421356E+00
8 9 32    1.73205081E+00
8 10 33    1.00000000E+00
8 11 39    1.00000000E+00
8 12 12    1.41421356E+00
8 12 42    1.73205081E+00
8 13 43    1.00000000E+00
8 14 2    1.00000000E+00
8 14 14    2.82842712E+00
8 14 46    2.44948974E+00
8 15 15    1.41421356E+00
8 15 47    1.73205081E+00
8 16 48    1.00000000E+00
8 17 3    1.73205081E+00
8 17 17    4.24264069E+00
8 17 51    3.16227766E+00
8 18 4    1.00000000E+00
8 18 18    2.82842712E+00
8 18 52    2.44948974E+00
8 19 19    1.41421356E+00
8 19 53    1.73205081E+00
8 20 54    1.00000000E+00
8 21 60    1.00000000E+00
8 22 22    1.41421356E+00
8 22 63    1.73205081E+00
8 23 64    1.00000000E+00
8 24 5    1.00000000E+00
8 24 24    2.82842712E+00
8 24 67    2.44948974E+00
8 25 25    1.41421356E+00
8 25 68    1.73205081E+00
8 26 69    1.00000000E+00
8 27 6    1.73205081E+00
8 27 27    4.24264069E+00
8 27 72    3.16227766E+00
8 28 7    1.00000000E+00
8 28 28    2.82842712E+00
8 28 73    2.44948974E+00
8 29 29    1.41421356E+00
8 29 74    1.73205081E+00
8 30 75    1.00000000E+00
8 31 8    2.44948974E+00
8 31 31    5.65685425E+00
8 31 78    3.87298335E+00
8 32 9    1.73205081E+00
8 32 32    4.24264069E+00
8 32 79    3.16227766E+00
8 33 10    1.00000000E+00
8 33 33    2.82842712E+00
8 33 80    2.44948974E+00
8 34 34    1.41421356E+00
8 34 81    1.73205081E+00
8 35 82    1.00000000E+00
8 36 88    1.00000000E+00
8 37 37    1.41421356E+00
8 37 91    1.73205081E+00
8 38 92    1.00000000E+00
8 39 11    1.00000000E+00
8 39 39    2.82842712E+00
8 39 95    2.44948974E+00
8 40 40    1.41421356E+00
8 40 96    1.73205081E+00
8 41 97    1.00000000E+00
8 42 12    1.73205081E+00
8 42 42    4.24264069E+00
8 42 100    3.16227766E+00
8 43 13    1.00000000E+00
8 43 43    2.82842712E+00
8 43 101    2.44948974E+00
8 44 44    1.41421356E+00
8 44 102    1.73205081E+00
8 45 103    1.00000000E+00
8 46 14    2.44948974E+00
8 46 46    5.65685425E+00
8 46 106    3.87298335E+00
8 47 15    1.73205081E+00
8 47 47    4.24264069E+00
8 47 107    3.16227766E+00
8 48 16    1.00000000E+00
8 48 48    2.82842712E+00
8 48 108    2.44948974E+00
8 49 49    1.41421356E+00
8 49 109    1.73205081E+00
8 50 110    1.00000000E+00
8 51 17    3.16227766E+00
8 51 51    7.07106781E+00
8 51 113    4.58257569E+00
8 52 18    2.44948974E+00
8 52 52    5.65685425E+00
8 52 114    3.87298335E+00
8 53 19    1.73205081E+00
8 53 53    4.24264069E+00
8 53 115    3.16227766E+00
8 54 20    1.00000000E+00
8 54 54    2.82842712E+00
8 54 116    2.44948974E+00
8 55 55    1.41421356E+00
8 55 117    1.73205081E+00
8 56 118    1.00000000E+00
8 58 58    1.41421356E+00
8 60 21    1.00000000E+00
8 60 60    2.82842712E+00
8 61 61    1.41421356E+00
8 63 22    1.73205081E+00
8 63 63    4.24264069E+00
8 64 23    1.00000000E+00
8 64 64    2.82842712E+00
8 65 65    1.41421356E+00
8 67 24    2.44948974E+00
8 67 67    5.65685425E+00
8 68 25    1.73205081E+00
8 68 68    4.24264069E+00
8 69 26    1.00000000E+00
8 69 69    2.82842712E+00
8 70 70    1.41421356E+00
8 72 27    3.16227766E+00
8 72 72    7.07106781E+00
8 73 28    2.44948974E+00
8 73 73    5.65685425E+00
8 74 29    1.73205081E+00
8 74 74    4.24264069E+00
8 75 30    1.00000000E+00
8 75 75    2.82842712E+00
8 76 76    1.41421356E+00
8 78 31    3.87298335E+00
8 78 78    8.48528137E+00
8 79 32    3.16227766E+00
8 79 79    7.07106781E+00
8 80 33    2.44948974E+00
8 80 80    5.65685425E+00
8 81 34    1.73205081E+00
8 81 81    4.24264069E+00
8 82 35    1.00000000E+00
8 82 82    2.82842712E+00
8 83 83    1.41421356E+00
8 86 86    1.41421356E+00
8 88 36    1.00000000E+00
8 88 88    2.82842712E+00
8 89 89    1.41421356E+00
8 91 37    1.73205081E+00
8 91 91    4.24264069E+00
8 92 38    1.00000000E+00
8 92 92    2.82842712E+00
8 93 93    1.41421356E+00
8 95 39    2.44948974E+00
8 95 95    5.65685425E+00
8 96 40    1.73205081E+00
8 96 96    4.24264069E+00
8 97 41    1.00000000E+00
8 97 97    2.82842712E+00
8 98 98    1.41421356E+00
8 100 42    3.16227766E+00
8 100 100    7.07106781E+00
8 101 43    2.44948974E+00
8 101 101    5.65685425E+00
8 102 44    1.73205081E+00
8 102 102    4.24264069E+00
8 103 45    1.00000000E+00
8 103 103    2.82842712E+00
8 104 104    1.41421356E+00
8 106 46    3.87298335E+00
8 106 106    8.48528137E+00
8 107 47    3.16227766E+00
8 107 107    7.07106781E+00
8 108 48    2.44948974E+00
8 108 108    5.65685425E+00
8 109 49    1.73205081E+00
8 109 109    4.24264069E+00
8 110 50    1.00000000E+00
8 110 110    2.82842712E+00
8 111 111    1.41421356E+00
8 113 51    4.58257569E+00
8 113 113    9.89949494E+00
8 114 52    3.87298335E+00
8 114 114    8.48528137E+00
8 115 53    3.16227766E+00
8 115 115    7.07106781E+00
8 116 54    2.44948974E+00
8 116 116    5.65685425E+00
8 117 55    1.73205081E+00
8 117 117    4.24264069E+00
8 118 56    1.00000000E+00
8 118 118    2.82842712E+00
8 119 119    1.41421356E+00
9 1 9    1.00000000E+00
9 2 15    1.00000000E+00
9 3 4    1.00000000E+00
9 3 18    1.41421356E+00
9 4 3    1.00000000E+00
9 4 19    1.41421356E+00
9 5 25    1.00000000E+00
9 6 7    1.00000000E+00
9 6 28    1.41421356E+00
9 7 6    1.00000000E+00
9 7 29    1.41421356E+00
9 8 9    1.41421356E+00
9 8 32    1.73205081E+00
9 9 1    1.00000000E+00
9 9 8    1.41421356E+00
9 9 10    1.41421356E+00
9 9 33    2.00000000E+00
9 10 9    1.41421356E+00
9 10 34    1.73205081E+00
9 11 40    1.00000000E+00
9 12 13    1.00000000E+00
9 12 43    1.41421356E+00
9 13 12    1.00000000E+00
9 13 44    1.41421356E+00
9 14 15    1.41421356E+00
9 14 47    1.73205081E+00
9 15 2    1.00000000E+00
9 15 14    1.41421356E+00
9 15 16    1.41421356E+00
9 15 48    2.00000000E+00
9 16 15    1.41421356E+00
9 16 49    1.73205081E+00
9 17 18    1.73205081E+00
9 17 52    2.00000000E+00
9 18 3    1.41421356E+00
9 18 17    1.73205081E+00
9 18 19    2.00000000E+00
9 18 53    2.44948974E+00
9 19 4    1.41421356E+00
9 19 18    2.00000000E+00
9 19 20    1.73205081E+00
9 19 54    2.44948974E+00
9 20 19    1.73205081E+00
9 20 55    2.00000000E+00
9 21 61    1.00000000E+00
9 22 23    1.00000000E+00
9 22 64    1.41421356E+00
9 23 22    1.00000000E+00
9 23 65    1.41421356E+00
9 24 25    1.41421356E+00
9 24 68    1.73205081E+00
9 25 5    1.00000000E+00
9 25 24    1.41421356E+00
9 25 26    1.41421356E+00
9 25 69    2.00000000E+00
9 26 25    1.41421356E+00
9 26 70    1.73205081E+00
9 27 28    1.73205081E+00
9 27 73    2.00000000E+00
9 28 6    1.41421356E+00
9 28 27    1.73205081E+00
9 28 29    2.00000000E+00
9 28 74    2.44948974E+00
9 29 7    1.41421356E+00
9 29 28    2.00000000E+00
9 29 30    1.73205081E+00
9 29 75    2.44948974E+00
9 30 29    1.73205081E+00
9 30 76    2.00000000E+00
9 31 32    2.00000000E+00
9 31 79    2.23606798E+00
9 32 8    1.73205081E+00
9 32 31    2.00000000E+00
9 32 33    2.44948974E+00
9 32 80    2.82842712E+00
9 33 9    2.00000000E+00
9 33 32    2.44948974E+00
9 33 34    2.44948974E+00
9 33 81    3.00000000E+00
9 34 10    1.73205081E+00
9 34 33    2.44948974E+00
9 34 35    2.00000000E+00
9 34 82    2.82842712E+00
9 35 34    2.00000000E+00
9 35 83    2.23606798E+00
9 36 89    1.00000000E+00
9 37 38    1.00000000E+00
9 37 92    1.41421356E+00
9 38 37    1.00000000E+00
9 38 93    1.41421356E+00
9 39 40    1.41421356E+00
9 39 96    1.73205081E+00
9 40 11    1.00000000E+00
9 40 39    1.41421356E+00
9 40 41    1.41421356E+00
9 40 97    2.00000000E+00
9 41 40    1.41421356E+00
9 41 98    1.73205081E+00
9 42 43    1.73205081E+00
9 42 101    2.00000000E+00
9 43 12    1.41421356E+00
9 43 42    1.73205081E+00
9 43 44    2.00000000E+00
9 43 102    2.44948974E+00
9 44 13    1.41421356E+00
9 44 43    2.00000000E+00
9 44 45    1.73205081E+00
9 44 103    2.44948974E+00
9 45 44    1.73205081E+00
9 45 104    2.00000000E+00
9 46 47    2.00000000E+00
9 46 107    2.23606798E+00
9 47 14    1.73205081E+00
9 47 46    2.00000000E+00
9 47 48    2.44948974E+00
9 47 108    2.82842712E+00
9 48 15    2.00000000E+00
9 48 47    2.44948974E+00
9 48 49    2.44948974E+00
9 48 109    3.00000000E+00
9 49 16    1.73205081E+00
9 49 48    2.44948974E+00
9 49 50    2.00000000E+00
9 49 110    2.82842712E+00
9 50 49    2.00000000E+00
9 50 111    2.23606798E+00
9 51 52    2.23606798E+00
9 51 114    2.44948974E+00
9 52 17    2.00000000E+00
9 52 51    2.23606798E+00
9 52 53    2.82842712E+00
9 52 115    3.16227766E+00
9 53 18    2.44948974E+00
9 53 52    2.82842712E+00
9 53 54    3.00000000E+00
9 53 116    3.46410162E+00
9 54 19    2.44948974E+00
9 54 53    3.00000000E+00
9 54 55    2.82842712E+00
9 54 117    3.46410162E+00
9 55 20    2.00000000E+00
9 55 54    2.82842712E+00
9 55 56    2.23606798E+00
9 55 118    3.16227766E+00
9 56 55    2.23606798E+00
9 56 119    2.44948974E+00
9 58 59    1.00000000E+00
9 59 58    1.00000000E+00
9 60 61    1.41421356E+00
9 61 21    1.00000000E+00
9 61 60    1.41421356E+00
9 61 62    1.41421356E+00
9 62 61    1.41421356E+00
9 63 64    1.73205081E+00
9 64 22    1.41421356E+00
9 64 63    1.73205081E+00
9 64 65    2.00000000E+00
9 65 23    1.41421356E+00
9 65 64    2.00000000E+00
9 65 66    1.73205081E+00
9 66 65    1.73205081E+00
9 67 68    2.00000000E+00
9 68 24    1.73205081E+00
9 68 67    2.00000000E+00
9 68 69    2.44948974E+00
9 69 25    2.00000000E+00
9 69 68    2.44948974E+00
9 69 70    2.44948974E+00
9 70 26    1.73205081E+00
9 70 69    2.44948974E+00
9 70 71    2.00000000E+00
9 71 70    2.00000000E+00
9 72 73    2.23606798E+00
9 73 27    2.00000000E+00
9 73 72    2.23606798E+00
9 73 74    2.82842712E+00
9 74 28    2.44948974E+00
9 74 73    2.82842712E+00
9 74 75    3.00000000E+00
9 75 29    2.44948974E+00
9 75 74    3.00000000E+00
9 75 76    2.82842712E+00
9 76 30    2.00000000E+00
9 76 75    2.82842712E+00
9 76 77    2.23606798E+00
9 77 76    2.23606798E+00
9 78 79    2.44948974E+00
9 79 31    2.23606798E+00
9 79 78    2.44948974E+00
9 79 80    3.16227766E+00
9 80 32    2.82842712E+00
9 80 79    3.16227766E+00
9 80 81    3.46410162E+00
9 81 33    3.00000000E+00
9 81 80    3.46410162E+00
9 81 82    3.46410162E+00
9 82 34    2.82842712E+00
9 82 81    3.46410162E+00
9 82 83    3.16227766E+00
9 83 35    2.23606798E+00
9 83 82    3.16227766E+00
9 83 84    2.44948974E+00
9 84 83    2.44948974E+00
9 86 87    1.00000000E+00
9 87 86    1.00000000E+00
9 88 89    1.41421356E+00
9 89 36    1.00000000E+00
9 89 88    1.41421356E+00
9 89 90    1.41421356E+00
9 90 89    1.41421356E+00
9 91 92    1.73205081E+00
9 92 37    1.41421356E+00
9 92 91    1.73205081E+00
9 92 93    2.00000000E+00
9 93 38    1.41421356E+00
9 93 92    2.00000000E+00
9 93 94    1.73205081E+00
9 94 93    1.73205081E+00
9 95 96    2.00000000E+00
9 96 39    1.73205081E+00
9 96 95    2.00000000E+00
9 96 97    2.44948974E+00
9 97 40    2.00000000E+00
9 97 96    2.44948974E+00
9 97 98    2.44948974E+00
9 98 41    1.73205081E+00
9 98 97    2.44948974E+00
9 98 99    2.00000000E+00
9 99 98    2.00000000E+00
9 100 101    2.23606798E+00
9 101 42    2.00000000E+00
9 101 100    2.23606798E+00
9 101 102    2.82842712E+00
9 102 43    2.44948974E+00
9 102 101    2.82842712E+00
9 102 103    3.00000000E+00
9 103 44    2.44948974E+00
9 103 102    3.00000000E+00
9 103 104    2.82842712E+00
9 104 45    2.00000000E+00
9 104 103    2.82842712E+00
9 104 105    2.23606798E+00
9 105 104    2.23606798E+00
9 106 107    2.44948974E+00
9 107 46    2.23606798E+00
9 107 106    2.44948974E+00
9 107 108    3.16227766E+00
9 108 47    2.82842712E+00
9 108 107    3.16227766E+00
9 108 109    3.46410162E+00
9 109 48    3.00000000E+00
9 109 108    3.46410162E+00
9 109 110    3.46410162E+00
9 110 49    2.82842712E+00
9 110 109    3.46410162E+00
9 110 111    3.16227766E+00
9 111 50    2.23606798E+00
9 111 110    3.16227766E+00
9 111 112    2.44948974E+00
9 112 111    2.44948974E+00
9 113 114    2.64575131E+00
9 114 51    2.44948974E+00
9 114 113    2.64575131E+00
9 114 115    3.46410162E+00
9 115 52    3.16227766E+00
9 115 114    3.46410162E+00
9 115 116    3.87298335E+00
9 116 53    3.46410162E+00
9 116 115    3.87298335E+00
9 116 117    4.00000000E+00
9 117 54    3.46410162E+00
9 117 116    4.00000000E+00
9 117 118    3.87298335E+00
9 118 55    3.16227766E+00
9 118 117    3.87298335E+00
9 118 119    3.46410162E+00
9 119 56    2.44948974E+00
9 119 118    3.46410162E+00
9 119 120    2.64575131E+00
9 120 119    2.64575131E+00
10 1 10    1.00000000E+00
10 2 16    1.00000000E+00
10 3 19    1.00000000E+00
10 4 4    1.41421356E+00
10 4 20    1.73205081E+00
10 5 26    1.00000000E+00
10 6 29    1.00000000E+00
10 7 7    1.41421356E+00
10 7 30    1.73205081E+00
10 8 33    1.00000000E+00
10 9 9    1.41421356E+00
10 9 34    1.73205081E+00
10 10 1    1.00000000E+00
10 10 10    2.82842712E+00
10 10 35    2.44948974E+00
10 11 41    1.00000000E+00
10 12 44    1.00000000E+00
10 13 13    1.41421356E+00
10 13 45    1.73205081E+00
10 14 48    1.00000000E+00
10 15 15    1.41421356E+00
10 15 49    1.73205081E+00
10 16 2    1.00000000E+00
10 16 16    2.82842712E+00
10 16 50    2.44948974E+00
10 17 53    1.00000000E+00
10 18 18    1.41421356E+00
10 18 54    1.73205081E+00
10 19 3    1.00000000E+00
10 19 19    2.82842712E+00
10 19 55    2.44948974E+00
10 20 4    1.73205081E+00
10 20 20    4.24264069E+00
10 20 56    3.16227766E+00
10 21 62    1.00000000E+00
10 22 65    1.00000000E+00
10 23 23    1.41421356E+00
10 23 66    1.73205081E+00
10 24 69    1.00000000E+00
10 25 25    1.41421356E+00
10 25 70    1.73205081E+00
10 26 5    1.00000000E+00
10 26 26    2.82842712E+00
10 26 71    2.44948974E+00
10 27 74    1.00000000E+00
10 28 28    1.41421356E+00
10 28 75    1.73205081E+00
10 29 6    1.00000000E+00
10 29 29    2.82842712E+00
10 29 76    2.44948974E+00
10 30 7    1.73205081E+00
10 30 30    4.24264069E+00
10 30 77    3.16227766E+00
10 31 80    1.00000000E+00
10 32 32    1.41421356E+00
10 32 81    1.73205081E+00
10 33 8    1.00000000E+00
10 33 33    2.82842712E+00
10 33 82    2.44948974E+00
10 34 9    1.73205081E+00
10 34 34    4.24264069E+00
10 34 83    3.16227766E+00
10 35 10    2.44948974E+00
10 35 35    5.65685425E+00
10 35 84    3.87298335E+00
10 36 90    1.00000000E+00
10 37 93    1.00000000E+00
10 38 38    1.41421356E+00
10 38 94    1.73205081E+00
10 39 97    1.00000000E+00
10 40 40    1.41421356E+00
10 40 98    1.73205081E+00
10 41 11    1.00000000E+00
10 41 41    2.82842712E+00
10 41 99    2.44948974E+00
10 42 102    1.00000000E+00
10 43 43    1.41421356E+00
10 43 103    1.73205081E+00
10 44 12    1.00000000E+00
10 44 44    2.82842712E+00
10 44 104    2.44948974E+00
10 45 13    1.73205081E+00
10 45 45    4.24264069E+00
10 45 105    3.16227766E+00
10 46 108    1.00000000E+00
10 47 47    1.41421356E+00
10 47 109    1.73205081E+00
10 48 14    1.00000000E+00
10 48 48    2.82842712E+00
10 48 110    2.44948974E+00
10 49 15    1.73205081E+00
10 49 49    4.24264069E+00
10 49 111    3.16227766E+00
10 50 16    2.44948974E+00
10 50 50    5.65685425E+00
10 50 112    3.87298335E+00
10 51 115    1.00000000E+00
10 52 52    1.41421356E+00
10 52 116    1.73205081E+00
10 53 17    1.00000000E+00
10 53 53    2.82842712E+00
10 53 117    2.44948974E+00
10 54 18    1.73205081E+00
10 54 54    4.24264069E+00
10 54 118    3.16227766E+00
10 55 19    2.44948974E+00
10 55 55    5.65685425E+00
10 55 119    3.87298335E+00
10 56 20    3.16227766E+00
10 56 56    7.07106781E+00
10 56 120    4.58257569E+00
10 59 59    1.41421356E+00
10 61 61    1.41421356E+00
10 62 21    1.00000000E+00
10 62 62    2.82842712E+00
10 64 64    1.41421356E+00
10 65 22    1.00000000E+00
10 65 65    2.82842712E+00
10 66 23    1.73205081E+00
10 66 66    4.24264069E+00
10 68 68    1.41421356E+00
10 69 24    1.00000000E+00
10 69 69    2.82842712E+00
10 70 25    1.73205081E+00
10 70 70    4.24264069E+00
10 71 26    2.44948974E+00
10 71 71    5.65685425E+00
10 73 73    1.41421356E+00
10 74 27    1.00000000E+00
10 74 74    2.82842712E+00
10 75 28    1.73205081E+00
10 75 75    4.24264069E+00
10 76 29    2.44948974E+00
10 76 76    5.65685425E+00
10 77 30    3.16227766E+00
10 77 77    7.07106781E+00
10 79 79    1.41421356E+00
10 80 31    1.00000000E+00
10 80 80    2.82842712E+00
10 81 32    1.73205081E+00
10 81 81    4.24264069E+00
10 82 33    2.44948974E+00
10 82 82    5.65685425E+00
10 83 34    3.16227766E+00
10 83 83    7.07106781E+00
10 84 35    3.87298335E+00
10 84 84    8.48528137E+00
10 87 87    1.41421356E+00
10 89 89    1.41421356E+00
10 90 36    1.00000000E+00
10 90 90    2.82842712E+00
10 92 92    1.41421356E+00
10 93 37    1.00000000E+00
10 93 93    2.82842712E+00
10 94 38    1.73205081E+00
10 94 94    4.24264069E+00
10 96 96    1.41421356E+00
10 97 39    1.00000000E+00
10 97 97    2.82842712E+00
10 98 40    1.73205081E+00
10 98 98    4.24264069E+00
10 99 41    2.44948974E+00
10 99 99    5.65685425E+00
10 101 101    1.41421356E+00
10 102 42    1.00000000E+00
10 102 102    2.82842712E+00
10 103 43    1.73205081E+00
10 103 103    4.24264069E+00
10 104 44    2.44948974E+00
10 104 104    5.65685425E+00
10 105 45    3.16227766E+00
10 105 105    7.07106781E+00
10 107 107    1.41421356E+00
10 108 46    1.00000000E+00
10 108 108    2.82842712E+00
10 109 47    1.73205081E+00
10 109 109    4.24264069E+00
10 110 48    2.44948974E+00
10 110 110    5.65685425E+00
10 111 49    3.16227766E+00
10 111 111    7.07106781E+00
10 112 50    3.87298335E+00
10 112 112    8.48528137E+00
10 114 114    1.41421356E+00
10 115 51    1.00000000E+00
10 115 115    2.82842712E+00
10 116 52    1.73205081E+00
10 116 116    4.24264069E+00
10 117 53    2.44948974E+00
10 117 117    5.65685425E+00
10 118 54    3.16227766E+00
10 118 118    7.07106781E+00
10 119 55    3.87298335E+00
10 119 119    8.48528137E+00
10 120 56    4.58257569E+00
10 120 120    9.89949494E+00
