631
1 1 1    1.00000000E+00
1 2 2    1.00000000E+00
1 3 3    1.00000000E+00
1 4 4    1.00000000E+00
1 5 5    1.00000000E+00
1 6 6    1.00000000E+00
1 7 7    1.00000000E+00
1 8 8    1.00000000E+00
1 9 9    1.00000000E+00
1 10 10    1.00000000E+00
1 11 11    1.00000000E+00
1 12 12    1.00000000E+00
1 13 13    1.00000000E+00
1 14 14    1.00000000E+00
1 15 15    1.00000000E+00
1 16 16    1.00000000E+00
1 17 17    1.00000000E+00
1 18 18    1.00000000E+00
1 19 19    1.00000000E+00
1 20 20    1.00000000E+00
1 21 21    1.00000000E+00
1 22 22    1.00000000E+00
1 23 23    1.00000000E+00
1 24 24    1.00000000E+00
1 25 25    1.00000000E+00
1 26 26    1.00000000E+00
1 27 27    1.00000000E+00
1 28 28    1.00000000E+00
1 29 29    1.00000000E+00
1 30 30    1.00000000E+00
1 31 31    1.00000000E+00
1 32 32    1.00000000E+00
1 33 33    1.00000000E+00
1 34 34    1.00000000E+00
1 35 35    1.00000000E+00
1 36 36    1.00000000E+00
1 37 37    1.00000000E+00
1 38 38    1.00000000E+00
1 39 39    1.00000000E+00
1 40 40    1.00000000E+00
1 41 41    1.00000000E+00
1 42 42    1.00000000E+00
1 43 43    1.00000000E+00
1 44 44    1.00000000E+00
1 45 45    1.00000000E+00
1 46 46    1.00000000E+00
1 47 47    1.00000000E+00
1 48 48    1.00000000E+00
1 49 49    1.00000000E+00
1 50 50    1.00000000E+00
1 51 51    1.00000000E+00
1 52 52    1.00000000E+00
1 53 53    1.00000000E+00
1 54 54    1.00000000E+00
1 55 55    1.00000000E+00
2 1 2    1.00000000E+00
2 2 1    1.00000000E+00
2 2 4    1.41421356E+00
2 3 5    1.00000000E+00
2 4 2    1.41421356E+00
2 4 7    1.73205081E+00
2 5 3    1.00000000E+00
2 5 8    1.41421356E+00
2 6 9    1.00000000E+00
2 7 4    1.73205081E+00
2 7 11    2.00000000E+00
2 8 5    1.41421356E+00
2 8 12    1.73205081E+00
2 9 6    1.00000000E+00
2 9 13    1.41421356E+00
2 10 14    1.00000000E+00
2 11 7    2.00000000E+00
2 11 16    2.23606798E+00
2 12 8    1.73205081E+00
2 12 17    2.00000000E+00
2 13 9    1.41421356E+00
2 13 18    1.73205081E+00
2 14 10    1.00000000E+00
2 14 19    1.41421356E+00
2 15 20    1.00000000E+00
2 16 11    2.23606798E+00
2 16 22    2.44948974E+00
2 17 12    2.00000000E+00
2 17 23    2.23606798E+00
2 18 13    1.73205081E+00
2 18 24    2.00000000E+00
2 19 14    1.41421356E+00
2 19 25    1.73205081E+00
2 20 15    1.00000000E+00
2 20 26    1.41421356E+00
2 21 27    1.00000000E+00
2 22 16    2.44948974E+00
2 22 29    2.64575131E+00
2 23 17    2.23606798E+00
2 23 30    2.44948974E+00
2 24 18    2.00000000E+00
2 24 31    2.23606798E+00
2 25 19    1.73205081E+00
2 25 32    2.00000000E+00
2 26 20    1.41421356E+00
2 26 33    1.73205081E+00
2 27 21    1.00000000E+00
2 27 34    1.41421356E+00
2 28 35    1.00000000E+00
2 29 22    2.64575131E+00
2 29 37    2.82842712E+00
2 30 23    2.44948974E+00
2 30 38    2.64575131E+00
2 31 24    2.23606798E+00
2 31 39    2.44948974E+00
2 32 25    2.00000000E+00
2 32 40    2.23606798E+00
2 33 26    1.73205081E+00
2 33 41    2.00000000E+00
2 34 27    1.41421356E+00
2 34 42    1.73205081E+00
2 35 28    1.00000000E+00
2 35 43    1.41421356E+00
2 36 44    1.00000000E+00
2 37 29    2.82842712E+00
2 37 46    3.00000000E+00
2 38 30    2.64575131E+00
2 38 47    2.82842712E+00
2 39 31    2.44948974E+00
2 39 48    2.64575131E+00
2 40 32    2.23606798E+00
2 40 49    2.44948974E+00
2 41 33    2.00000000E+00
2 41 50    2.23606798E+00
2 42 34    1.73205081E+00
2 42 51    2.00000000E+00
2 43 35    1.41421356E+00
2 43 52    1.73205081E+00
2 44 36    1.00000000E+00
2 44 53    1.41421356E+00
2 45 54    1.00000000E+00
2 46 37    3.00000000E+00
2 47 38    2.82842712E+00
2 48 39    2.64575131E+00
2 49 40    2.44948974E+00
2 50 41    2.23606798E+00
2 51 42    2.00000000E+00
2 52 43    1.73205081E+00
2 53 44    1.41421356E+00
2 54 45    1.00000000E+00
3 1 3    1.00000000E+00
3 2 5    1.00000000E+00
3 3 1    1.00000000E+00
3 3 6    1.41421356E+00
3 4 8    1.00000000E+00
3 5 2    1.00000000E+00
3 5 9    1.41421356E+00
3 6 3    1.41421356E+00
3 6 10    1.73205081E+00
3 7 12    1.00000000E+00
3 8 4    1.00000000E+00
3 8 13    1.41421356E+00
3 9 5    1.41421356E+00
3 9 14    1.73205081E+00
3 10 6    1.73205081E+00
3 10 15    2.00000000E+00
3 11 17    1.00000000E+00
3 12 7    1.00000000E+00
3 12 18    1.41421356E+00
3 13 8    1.41421356E+00
3 13 19    1.73205081E+00
3 14 9    1.73205081E+00
3 14 20    2.00000000E+00
3 15 10    2.00000000E+00
3 15 21    2.23606798E+00
3 16 23    1.00000000E+00
3 17 11    1.00000000E+00
3 17 24    1.41421356E+00
3 18 12    1.41421356E+00
3 18 25    1.73205081E+00
3 19 13    1.73205081E+00
3 19 26    2.00000000E+00
3 20 14    2.00000000E+00
3 20 27    2.23606798E+00
3 21 15    2.23606798E+00
3 21 28    2.44948974E+00
3 22 30    1.00000000E+00
3 23 16    1.00000000E+00
3 23 31    1.41421356E+00
3 24 17    1.41421356E+00
3 24 32    1.73205081E+00
3 25 18    1.73205081E+00
3 25 33    2.00000000E+00
3 26 19    2.00000000E+00
3 26 34    2.23606798E+00
3 27 20    2.23606798E+00
3 27 35    2.44948974E+00
3 28 21    2.44948974E+00
3 28 36    2.64575131E+00
3 29 38    1.00000000E+00
3 30 22    1.00000000E+00
3 30 39    1.41421356E+00
3 31 23    1.41421356E+00
3 31 40    1.73205081E+00
3 32 24    1.73205081E+00
3 32 41    2.00000000E+00
3 33 25    2.00000000E+00
3 33 42    2.23606798E+00
3 34 26    2.23606798E+00
3 34 43    2.44948974E+00
3 35 27    2.44948974E+00
3 35 44    2.64575131E+00
3 36 28    2.64575131E+00
3 36 45    2.82842712E+00
3 37 47    1.00000000E+00
3 38 29    1.00000000E+00
3 38 48    1.41421356E+00
3 39 30    1.41421356E+00
3 39 49    1.73205081E+00
3 40 31    1.73205081E+00
3 40 50    2.00000000E+00
3 41 32    2.00000000E+00
3 41 51    2.23606798E+00
3 42 33    2.23606798E+00
3 42 52    2.44948974E+00
3 43 34    2.44948974E+00
3 43 53    2.64575131E+00
3 44 35    2.64575131E+00
3 44 54    2.82842712E+00
3 45 36    2.82842712E+00
3 45 55    3.00000000E+00
3 47 37    1.00000000E+00
3 48 38    1.41421356E+00
3 49 39    1.73205081E+00
3 50 40    2.00000000E+00
3 51 41    2.23606798E+00
3 52 42    2.44948974E+00
3 53 43    2.64575131E+00
3 54 44    2.82842712E+00
3 55 45    3.00000000E+00
4 1 4    1.00000000E+00
4 2 2    1.41421356E+00
4 2 7    1.73205081E+00
4 3 8    1.00000000E+00
4 4 1    1.00000000E+00
4 4 4    2.82842712E+00
4 4 11    2.44948974E+00
4 5 5    1.41421356E+00
4 5 12    1.73205081E+00
4 6 13    1.00000000E+00
4 7 2    1.73205081E+00
4 7 7    4.24264069E+00
4 7 16    3.16227766E+00
4 8 3    1.00000000E+00
4 8 8    2.82842712E+00
4 8 17    2.44948974E+00
4 9 9    1.41421356E+00
4 9 18    1.73205081E+00
4 10 19    1.00000000E+00
4 11 4    2.44948974E+00
4 11 11    5.65685425E+00
4 11 22    3.87298335E+00
4 12 5    1.73205081E+00
4 12 12    4.24264069E+00
4 12 23    3.16227766E+00
4 13 6    1.00000000E+00
4 13 13    2.82842712E+00
4 13 24    2.44948974E+00
4 14 14    1.41421356E+00
4 14 25    1.73205081E+00
4 15 26    1.00000000E+00
4 16 7    3.16227766E+00
4 16 16    7.07106781E+00
4 16 29    4.58257569E+00
4 17 8    2.44948974E+00
4 17 17    5.65685425E+00
4 17 30    3.87298335E+00
4 18 9    1.73205081E+00
4 18 18    4.24264069E+00
4 18 31    3.16227766E+00
4 19 10    1.00000000E+00
4 19 19    2.82842712E+00
4 19 32    2.44948974E+00
4 20 20    1.41421356E+00
4 20 33    1.73205081E+00
4 21 34    1.00000000E+00
4 22 11    3.87298335E+00
4 22 22    8.48528137E+00
4 22 37    5.29150262E+00
4 23 12    3.16227766E+00
4 23 23    7.07106781E+00
4 23 38    4.58257569E+00
4 24 13    2.44948974E+00
4 24 24    5.65685425E+00
4 24 39    3.87298335E+00
4 25 14    1.73205081E+00
4 25 25    4.24264069E+00
4 25 40    3.16227766E+00
4 26 15    1.00000000E+00
4 26 26    2.82842712E+00
4 26 41    2.44948974E+00
4 27 27    1.41421356E+00
4 27 42    1.73205081E+00
4 28 43    1.00000000E+00
4 29 16    4.58257569E+00
4 29 29    9.89949494E+00
4 29 46    6.00000000E+00
4 30 17    3.87298335E+00
4 30 30    8.48528137E+00
4 30 47    5.29150262E+00
4 31 18    3.16227766E+00
4 31 31    7.07106781E+00
4 31 48    4.58257569E+00
4 32 19    2.44948974E+00
4 32 32    5.65685425E+00
4 32 49    3.87298335E+00
4 33 20    1.73205081E+00
4 33 33    4.24264069E+00
4 33 50    3.16227766E+00
4 34 21    1.00000000E+00
4 34 34    2.82842712E+00
4 34 51    2.44948974E+00
4 35 35    1.41421356E+00
4 35 52    1.73205081E+00
4 36 53    1.00000000E+00
4 37 22    5.29150262E+00
4 37 37    1.13137085E+01
4 38 23    4.58257569E+00
4 38 38    9.89949494E+00
4 39 24    3.87298335E+00
4 39 39    8.48528137E+00
4 40 25    3.16227766E+00
4 40 40    7.07106781E+00
4 41 26    2.44948974E+00
4 41 41    5.65685425E+00
4 42 27    1.73205081E+00
4 42 42    4.24264069E+00
4 43 28    1.00000000E+00
4 43 43    2.82842712E+00
4 44 44    1.41421356E+00
4 46 29    6.00000000E+00
4 46 46    1.27279221E+01
4 47 30    5.29150262E+00
4 47 47    1.13137085E+01
4 48 31    4.58257569E+00
4 48 48    9.89949494E+00
4 49 32    3.87298335E+00
4 49 49    8.48528137E+00
4 50 33    3.16227766E+00
4 50 50    7.07106781E+00
4 51 34    2.44948974E+00
4 51 51    5.65685425E+00
4 52 35    1.73205081E+00
4 52 52    4.24264069E+00
4 53 36    1.00000000E+00
4 53 53    2.82842712E+00
4 54 54    1.41421356E+00
5 1 5    1.00000000E+00
5 2 3    1.00000000E+00
5 2 8    1.41421356E+00
5 3 2    1.00000000E+00
5 3 9    1.41421356E+00
5 4 5    1.41421356E+00
5 4 12    1.73205081E+00
5 5 1    1.00000000E+00
5 5 4    1.41421356E+00
5 5 6    1.41421356E+00
5 5 13    2.00000000E+00
5 6 5    1.41421356E+00
5 6 14    1.73205081E+00
5 7 8    1.73205081E+00
5 7 17    2.00000000E+00
5 8 2    1.41421356E+00
5 8 7    1.73205081E+00
5 8 9    2.00000000E+00
5 8 18    2.44948974E+00
5 9 3    1.41421356E+00
5 9 8    2.00000000E+00
5 9 10    1.73205081E+00
5 9 19    2.44948974E+00
5 10 9    1.73205081E+00
5 10 20    2.00000000E+00
5 11 12    2.00000000E+00
5 11 23    2.23606798E+00
5 12 4    1.73205081E+00
5 12 11    2.00000000E+00
5 12 13    2.44948974E+00
5 12 24    2.82842712E+00
5 13 5    2.00000000E+00
5 13 12    2.44948974E+00
5 13 14    2.44948974E+00
5 13 25    3.00000000E+00
5 14 6    1.73205081E+00
5 14 13    2.44948974E+00
5 14 15    2.00000000E+00
5 14 26    2.82842712E+00
5 15 14    2.00000000E+00
5 15 27    2.23606798E+00
5 16 17    2.23606798E+00
5 16 30    2.44948974E+00
5 17 7    2.00000000E+00
5 17 16    2.23606798E+00
5 17 18    2.82842712E+00
5 17 31    3.16227766E+00
5 18 8    2.44948974E+00
5 18 17    2.82842712E+00
5 18 19    3.00000000E+00
5 18 32    3.46410162E+00
5 19 9    2.44948974E+00
5 19 18    3.00000000E+00
5 19 20    2.82842712E+00
5 19 33    3.46410162E+00
5 20 10    2.00000000E+00
5 20 19    2.82842712E+00
5 20 21    2.23606798E+00
5 20 34    3.16227766E+00
5 21 20    2.23606798E+00
5 21 35    2.44948974E+00
5 22 23    2.44948974E+00
5 22 38    2.64575131E+00
5 23 11    2.23606798E+00
5 23 22    2.44948974E+00
5 23 24    3.16227766E+00
5 23 39    3.46410162E+00
5 24 12    2.82842712E+00
5 24 23    3.16227766E+00
5 24 25    3.46410162E+00
5 24 40    3.87298335E+00
5 25 13    3.00000000E+00
5 25 24    3.46410162E+00
5 25 26    3.46410162E+00
5 25 41    4.00000000E+00
5 26 14    2.82842712E+00
5 26 25    3.46410162E+00
5 26 27    3.16227766E+00
5 26 42    3.87298335E+00
5 27 15    2.23606798E+00
5 27 26    3.16227766E+00
5 27 28    2.44948974E+00
5 27 43    3.46410162E+00
5 28 27    2.44948974E+00
5 28 44    2.64575131E+00
5 29 30    2.64575131E+00
5 29 47    2.82842712E+00
5 30 16    2.44948974E+00
5 30 29    2.64575131E+00
5 30 31    3.46410162E+00
5 30 48    3.74165739E+00
5 31 17    3.16227766E+00
5 31 30    3.46410162E+00
5 31 32    3.87298335E+00
5 31 49    4.24264069E+00
5 32 18    3.46410162E+00
5 32 31    3.87298335E+00
5 32 33    4.00000000E+00
5 32 50    4.47213595E+00
5 33 19    3.46410162E+00
5 33 32    4.00000000E+00
5 33 34    3.87298335E+00
5 33 51    4.47213595E+00
5 34 20    3.16227766E+00
5 34 33    3.87298335E+00
5 34 35    3.46410162E+00
5 34 52    4.24264069E+00
5 35 21    2.44948974E+00
5 35 34    3.46410162E+00
5 35 36    2.64575131E+00
5 35 53    3.74165739E+00
5 36 35    2.64575131E+00
5 36 54    2.82842712E+00
5 37 38    2.82842712E+00
5 38 22    2.64575131E+00
5 38 37    2.82842712E+00
5 38 39    3.74165739E+00
5 39 23    3.46410162E+00
5 39 38    3.74165739E+00
5 39 40    4.24264069E+00
5 40 24    3.87298335E+00
5 40 39    4.24264069E+00
5 40 41    4.47213595E+00
5 41 25    4.00000000E+00
5 41 40    4.47213595E+00
5 41 42    4.47213595E+00
5 42 26    3.87298335E+00
5 42 41    4.47213595E+00
5 42 43    4.24264069E+00
5 43 27    3.46410162E+00
5 43 42    4.24264069E+00
5 43 44    3.74165739E+00
5 44 28    2.64575131E+00
5 44 43    3.74165739E+00
5 44 45    2.82842712E+00
5 45 44    2.82842712E+00
5 46 47    3.00000000E+00
5 47 29    2.82842712E+00
5 47 46    3.00000000E+00
5 47 48    4.00000000E+00
5 48 30    3.74165739E+00
5 48 47    4.00000000E+00
5 48 49    4.58257569E+00
5 49 31    4.24264069E+00
5 49 48    4.58257569E+00
5 49 50    4.89897949E+00
5 50 32    4.47213595E+00
5 50 49    4.89897949E+00
5 50 51    5.00000000E+00
5 51 33    4.47213595E+00
5 51 50    5.00000000E+00
5 51 52    4.89897949E+00
5 52 34    4.24264069E+00
5 52 51    4.89897949E+00
5 52 53    4.58257569E+00
5 53 35    3.74165739E+00
5 53 52    4.58257569E+00
5 53 54    4.00000000E+00
5 54 36    2.82842712E+00
5 54 53    4.00000000E+00
5 54 55    3.00000000E+00
5 55 54    3.00000000E+00
6 1 6    1.00000000E+00
6 2 9    1.00000000E+00
6 3 3    1.41421356E+00
6 3 10    1.73205081E+00
6 4 13    1.00000000E+00
6 5 5    1.41421356E+00
6 5 14    1.73205081E+00
6 6 1    1.00000000E+00
6 6 6    2.82842712E+00
6 6 15    2.44948974E+00
6 7 18    1.00000000E+00
6 8 8    1.41421356E+00
6 8 19    1.73205081E+00
6 9 2    1.00000000E+00
6 9 9    2.82842712E+00
6 9 20    2.44948974E+00
6 10 3    1.73205081E+00
6 10 10    4.24264069E+00
6 10 21    3.16227766E+00
6 11 24    1.00000000E+00
6 12 12    1.41421356E+00
6 12 25    1.73205081E+00
6 13 4    1.00000000E+00
6 13 13    2.82842712E+00
6 13 26    2.44948974E+00
6 14 5    1.73205081E+00
6 14 14    4.24264069E+00
6 14 27    3.16227766E+00
6 15 6    2.44948974E+00
6 15 15    5.65685425E+00
6 15 28    3.87298335E+00
6 16 31    1.00000000E+00
6 17 17    1.41421356E+00
6 17 32    1.73205081E+00
6 18 7    1.00000000E+00
6 18 18    2.82842712E+00
6 18 33    2.44948974E+00
6 19 8    1.73205081E+00
6 19 19    4.24264069E+00
6 19 34    3.16227766E+00
6 20 9    2.44948974E+00
6 20 20    5.65685425E+00
6 20 35    3.87298335E+00
6 21 10    3.16227766E+00
6 21 21    7.07106781E+00
6 21 36    4.58257569E+00
6 22 39    1.00000000E+00
6 23 23    1.41421356E+00
6 23 40    1.73205081E+00
6 24 11    1.00000000E+00
6 24 24    2.82842712E+00
6 24 41    2.44948974E+00
6 25 12    1.73205081E+00
6 25 25    4.24264069E+00
6 25 42    3.16227766E+00
6 26 13    2.44948974E+00
6 26 26    5.65685425E+00
6 26 43    3.87298335E+00
6 27 14    3.16227766E+00
6 27 27    7.07106781E+00
6 27 44    4.58257569E+00
6 28 15    3.87298335E+00
6 28 28    8.48528137E+00
6 28 45    5.29150262E+00
6 29 48    1.00000000E+00
6 30 30    1.41421356E+00
6 30 49    1.73205081E+00
6 31 16    1.00000000E+00
6 31 31    2.82842712E+00
6 31 50    2.44948974E+00
6 32 17    1.73205081E+00
6 32 32    4.24264069E+00
6 32 51    3.16227766E+00
6 33 18    2.44948974E+00
6 33 33    5.65685425E+00
6 33 52    3.87298335E+00
6 34 19    3.16227766E+00
6 34 34    7.07106781E+00
6 34 53    4.58257569E+00
6 35 20    3.87298335E+00
6 35 35    8.48528137E+00
6 35 54    5.29150262E+00
6 36 21    4.58257569E+00
6 36 36    9.89949494E+00
6 36 55    6.00000000E+00
6 38 38    1.41421356E+00
6 39 22    1.00000000E+00
6 39 39    2.82842712E+00
6 40 23    1.73205081E+00
6 40 40    4.24264069E+00
6 41 24    2.44948974E+00
6 41 41    5.65685425E+00
6 42 25    3.16227766E+00
6 42 42    7.07106781E+00
6 43 26    3.87298335E+00
6 43 43    8.48528137E+00
6 44 27    4.58257569E+00
6 44 44    9.89949494E+00
6 45 28    5.29150262E+00
6 45 45    1.13137085E+01
6 47 47    1.41421356E+00
6 48 29    1.00000000E+00
6 48 48    2.82842712E+00
6 49 30    1.73205081E+00
6 49 49    4.24264069E+00
6 50 31    2.44948974E+00
6 50 50    5.65685425E+00
6 51 32    3.16227766E+00
6 51 51    7.07106781E+00
6 52 33    3.87298335E+00
6 52 52    8.48528137E+00
6 53 34    4.58257569E+00
6 53 53    9.89949494E+00
6 54 35    5.29150262E+00
6 54 54    1.13137085E+01
6 55 36    6.00000000E+00
6 55 55    1.27279221E+01
