301
1 1 1    1.00000000E+00
1 2 2    1.00000000E+00
1 3 3    1.00000000E+00
1 4 4    1.00000000E+00
1 5 5    1.00000000E+00
1 6 6    1.00000000E+00
1 7 7    1.00000000E+00
1 8 8    1.00000000E+00
1 9 9    1.00000000E+00
1 10 10    1.00000000E+00
1 11 11    1.00000000E+00
1 12 12    1.00000000E+00
1 13 13    1.00000000E+00
1 14 14    1.00000000E+00
1 15 15    1.00000000E+00
1 16 16    1.00000000E+00
1 17 17    1.00000000E+00
1 18 18    1.00000000E+00
1 19 19    1.00000000E+00
1 20 20    1.00000000E+00
1 21 21    1.00000000E+00
1 22 22    1.00000000E+00
1 23 23    1.00000000E+00
1 24 24    1.00000000E+00
1 25 25    1.00000000E+00
1 26 26    1.00000000E+00
1 27 27    1.00000000E+00
1 28 28    1.00000000E+00
1 29 29    1.00000000E+00
1 30 30    1.00000000E+00
1 31 31    1.00000000E+00
1 32 32    1.00000000E+00
1 33 33    1.00000000E+00
1 34 34    1.00000000E+00
1 35 35    1.00000000E+00
1 36 36    1.00000000E+00
1 37 37    1.00000000E+00
1 38 38    1.00000000E+00
1 39 39    1.00000000E+00
1 40 40    1.00000000E+00
1 41 41    1.00000000E+00
1 42 42    1.00000000E+00
1 43 43    1.00000000E+00
1 44 44    1.00000000E+00
1 45 45    1.00000000E+00
1 46 46    1.00000000E+00
1 47 47    1.00000000E+00
1 48 48    1.00000000E+00
1 49 49    1.00000000E+00
1 50 50    1.00000000E+00
1 51 51    1.00000000E+00
1 52 52    1.00000000E+00
1 53 53    1.00000000E+00
1 54 54    1.00000000E+00
1 55 55    1.00000000E+00
1 56 56    1.00000000E+00
1 57 57    1.00000000E+00
1 58 58    1.00000000E+00
1 59 59    1.00000000E+00
1 60 60    1.00000000E+00
1 61 61    1.00000000E+00
1 62 62    1.00000000E+00
1 63 63    1.00000000E+00
1 64 64    1.00000000E+00
1 65 65    1.00000000E+00
1 66 66    1.00000000E+00
1 67 67    1.00000000E+00
1 68 68    1.00000000E+00
1 69 69    1.00000000E+00
1 70 70    1.00000000E+00
1 71 71    1.00000000E+00
1 72 72    1.00000000E+00
1 73 73    1.00000000E+00
1 74 74    1.00000000E+00
1 75 75    1.00000000E+00
1 76 76    1.00000000E+00
1 77 77    1.00000000E+00
1 78 78    1.00000000E+00
1 79 79    1.00000000E+00
1 80 80    1.00000000E+00
1 81 81    1.00000000E+00
1 82 82    1.00000000E+00
1 83 83    1.00000000E+00
1 84 84    1.00000000E+00
1 85 85    1.00000000E+00
1 86 86    1.00000000E+00
1 87 87    1.00000000E+00
1 88 88    1.00000000E+00
1 89 89    1.00000000E+00
1 90 90    1.00000000E+00
1 91 91    1.00000000E+00
1 92 92    1.00000000E+00
1 93 93    1.00000000E+00
1 94 94    1.00000000E+00
1 95 95    1.00000000E+00
1 96 96    1.00000000E+00
1 97 97    1.00000000E+00
1 98 98    1.00000000E+00
1 99 99    1.00000000E+00
1 100 100    1.00000000E+00
1 101 101    1.00000000E+00
2 1 2    1.00000000E+00
2 2 1    1.00000000E+00
3 1 3    1.00000000E+00
3 3 1    1.00000000E+00
4 1 4    1.00000000E+00
4 4 1    1.00000000E+00
5 1 5    1.00000000E+00
5 5 1    1.00000000E+00
6 1 6    1.00000000E+00
6 6 1    1.00000000E+00
7 1 7    1.00000000E+00
7 7 1    1.00000000E+00
8 1 8    1.00000000E+00
8 8 1    1.00000000E+00
9 1 9    1.00000000E+00
9 9 1    1.00000000E+00
10 1 10    1.00000000E+00
10 10 1    1.00000000E+00
11 1 11    1.00000000E+00
11 11 1    1.00000000E+00
12 1 12    1.00000000E+00
12 12 1    1.00000000E+00
13 1 13    1.00000000E+00
13 13 1    1.00000000E+00
14 1 14    1.00000000E+00
14 14 1    1.00000000E+00
15 1 15    1.00000000E+00
15 15 1    1.00000000E+00
16 1 16    1.00000000E+00
16 16 1    1.00000000E+00
17 1 17    1.00000000E+00
17 17 1    1.00000000E+00
18 1 18    1.00000000E+00
18 18 1    1.00000000E+00
19 1 19    1.00000000E+00
19 19 1    1.00000000E+00
20 1 20    1.00000000E+00
20 20 1    1.00000000E+00
21 1 21    1.00000000E+00
21 21 1    1.00000000E+00
22 1 22    1.00000000E+00
22 22 1    1.00000000E+00
23 1 23    1.00000000E+00
23 23 1    1.00000000E+00
24 1 24    1.00000000E+00
24 24 1    1.00000000E+00
25 1 25    1.00000000E+00
25 25 1    1.00000000E+00
26 1 26    1.00000000E+00
26 26 1    1.00000000E+00
27 1 27    1.00000000E+00
27 27 1    1.00000000E+00
28 1 28    1.00000000E+00
28 28 1    1.00000000E+00
29 1 29    1.00000000E+00
29 29 1    1.00000000E+00
30 1 30    1.00000000E+00
30 30 1    1.00000000E+00
31 1 31    1.00000000E+00
31 31 1    1.00000000E+00
32 1 32    1.00000000E+00
32 32 1    1.00000000E+00
33 1 33    1.00000000E+00
33 33 1    1.00000000E+00
34 1 34    1.00000000E+00
34 34 1    1.00000000E+00
35 1 35    1.00000000E+00
35 35 1    1.00000000E+00
36 1 36    1.00000000E+00
36 36 1    1.00000000E+00
37 1 37    1.00000000E+00
37 37 1    1.00000000E+00
38 1 38    1.00000000E+00
38 38 1    1.00000000E+00
39 1 39    1.00000000E+00
39 39 1    1.00000000E+00
40 1 40    1.00000000E+00
40 40 1    1.00000000E+00
41 1 41    1.00000000E+00
41 41 1    1.00000000E+00
42 1 42    1.00000000E+00
42 42 1    1.00000000E+00
43 1 43    1.00000000E+00
43 43 1    1.00000000E+00
44 1 44    1.00000000E+00
44 44 1    1.00000000E+00
45 1 45    1.00000000E+00
45 45 1    1.00000000E+00
46 1 46    1.00000000E+00
46 46 1    1.00000000E+00
47 1 47    1.00000000E+00
47 47 1    1.00000000E+00
48 1 48    1.00000000E+00
48 48 1    1.00000000E+00
49 1 49    1.00000000E+00
49 49 1    1.00000000E+00
50 1 50    1.00000000E+00
50 50 1    1.00000000E+00
51 1 51    1.00000000E+00
51 51 1    1.00000000E+00
52 1 52    1.00000000E+00
52 52 1    1.00000000E+00
53 1 53    1.00000000E+00
53 53 1    1.00000000E+00
54 1 54    1.00000000E+00
54 54 1    1.00000000E+00
55 1 55    1.00000000E+00
55 55 1    1.00000000E+00
56 1 56    1.00000000E+00
56 56 1    1.00000000E+00
57 1 57    1.00000000E+00
57 57 1    1.00000000E+00
58 1 58    1.00000000E+00
58 58 1    1.00000000E+00
59 1 59    1.00000000E+00
59 59 1    1.00000000E+00
60 1 60    1.00000000E+00
60 60 1    1.00000000E+00
61 1 61    1.00000000E+00
61 61 1    1.00000000E+00
62 1 62    1.00000000E+00
62 62 1    1.00000000E+00
63 1 63    1.00000000E+00
63 63 1    1.00000000E+00
64 1 64    1.00000000E+00
64 64 1    1.00000000E+00
65 1 65    1.00000000E+00
65 65 1    1.00000000E+00
66 1 66    1.00000000E+00
66 66 1    1.00000000E+00
67 1 67    1.00000000E+00
67 67 1    1.00000000E+00
68 1 68    1.00000000E+00
68 68 1    1.00000000E+00
69 1 69    1.00000000E+00
69 69 1    1.00000000E+00
70 1 70    1.00000000E+00
70 70 1    1.00000000E+00
71 1 71    1.00000000E+00
71 71 1    1.00000000E+00
72 1 72    1.00000000E+00
72 72 1    1.00000000E+00
73 1 73    1.00000000E+00
73 73 1    1.00000000E+00
74 1 74    1.00000000E+00
74 74 1    1.00000000E+00
75 1 75    1.00000000E+00
75 75 1    1.00000000E+00
76 1 76    1.00000000E+00
76 76 1    1.00000000E+00
77 1 77    1.00000000E+00
77 77 1    1.00000000E+00
78 1 78    1.00000000E+00
78 78 1    1.00000000E+00
79 1 79    1.00000000E+00
79 79 1    1.00000000E+00
80 1 80    1.00000000E+00
80 80 1    1.00000000E+00
81 1 81    1.00000000E+00
81 81 1    1.00000000E+00
82 1 82    1.00000000E+00
82 82 1    1.00000000E+00
83 1 83    1.00000000E+00
83 83 1    1.00000000E+00
84 1 84    1.00000000E+00
84 84 1    1.00000000E+00
85 1 85    1.00000000E+00
85 85 1    1.00000000E+00
86 1 86    1.00000000E+00
86 86 1    1.00000000E+00
87 1 87    1.00000000E+00
87 87 1    1.00000000E+00
88 1 88    1.00000000E+00
88 88 1    1.00000000E+00
89 1 89    1.00000000E+00
89 89 1    1.00000000E+00
90 1 90    1.00000000E+00
90 90 1    1.00000000E+00
91 1 91    1.00000000E+00
91 91 1    1.00000000E+00
92 1 92    1.00000000E+00
92 92 1    1.00000000E+00
93 1 93    1.00000000E+00
93 93 1    1.00000000E+00
94 1 94    1.00000000E+00
94 94 1    1.00000000E+00
95 1 95    1.00000000E+00
95 95 1    1.00000000E+00
96 1 96    1.00000000E+00
96 96 1    1.00000000E+00
97 1 97    1.00000000E+00
97 97 1    1.00000000E+00
98 1 98    1.00000000E+00
98 98 1    1.00000000E+00
99 1 99    1.00000000E+00
99 99 1    1.00000000E+00
100 1 100    1.00000000E+00
100 100 1    1.00000000E+00
101 1 101    1.00000000E+00
101 101 1    1.00000000E+00
