2431
1 1 1    1.00000000E+00
1 2 2    1.00000000E+00
1 3 3    1.00000000E+00
1 4 4    1.00000000E+00
1 5 5    1.00000000E+00
1 6 6    1.00000000E+00
1 7 7    1.00000000E+00
1 8 8    1.00000000E+00
1 9 9    1.00000000E+00
1 10 10    1.00000000E+00
1 11 11    1.00000000E+00
1 12 12    1.00000000E+00
1 13 13    1.00000000E+00
1 14 14    1.00000000E+00
1 15 15    1.00000000E+00
1 16 16    1.00000000E+00
1 17 17    1.00000000E+00
1 18 18    1.00000000E+00
1 19 19    1.00000000E+00
1 20 20    1.00000000E+00
1 21 21    1.00000000E+00
1 22 22    1.00000000E+00
1 23 23    1.00000000E+00
1 24 24    1.00000000E+00
1 25 25    1.00000000E+00
1 26 26    1.00000000E+00
1 27 27    1.00000000E+00
1 28 28    1.00000000E+00
1 29 29    1.00000000E+00
1 30 30    1.00000000E+00
1 31 31    1.00000000E+00
1 32 32    1.00000000E+00
1 33 33    1.00000000E+00
1 34 34    1.00000000E+00
1 35 35    1.00000000E+00
1 36 36    1.00000000E+00
1 37 37    1.00000000E+00
1 38 38    1.00000000E+00
1 39 39    1.00000000E+00
1 40 40    1.00000000E+00
1 41 41    1.00000000E+00
1 42 42    1.00000000E+00
1 43 43    1.00000000E+00
1 44 44    1.00000000E+00
1 45 45    1.00000000E+00
1 46 46    1.00000000E+00
1 47 47    1.00000000E+00
1 48 48    1.00000000E+00
1 49 49    1.00000000E+00
1 50 50    1.00000000E+00
1 51 51    1.00000000E+00
1 52 52    1.00000000E+00
1 53 53    1.00000000E+00
1 54 54    1.00000000E+00
1 55 55    1.00000000E+00
1 56 56    1.00000000E+00
1 57 57    1.00000000E+00
1 58 58    1.00000000E+00
1 59 59    1.00000000E+00
1 60 60    1.00000000E+00
1 61 61    1.00000000E+00
1 62 62    1.00000000E+00
1 63 63    1.00000000E+00
1 64 64    1.00000000E+00
1 65 65    1.00000000E+00
1 66 66    1.00000000E+00
1 67 67    1.00000000E+00
1 68 68    1.00000000E+00
1 69 69    1.00000000E+00
1 70 70    1.00000000E+00
1 71 71    1.00000000E+00
1 72 72    1.00000000E+00
1 73 73    1.00000000E+00
1 74 74    1.00000000E+00
1 75 75    1.00000000E+00
1 76 76    1.00000000E+00
1 77 77    1.00000000E+00
1 78 78    1.00000000E+00
1 79 79    1.00000000E+00
1 80 80    1.00000000E+00
1 81 81    1.00000000E+00
1 82 82    1.00000000E+00
1 83 83    1.00000000E+00
1 84 84    1.00000000E+00
1 85 85    1.00000000E+00
1 86 86    1.00000000E+00
1 87 87    1.00000000E+00
1 88 88    1.00000000E+00
1 89 89    1.00000000E+00
1 90 90    1.00000000E+00
1 91 91    1.00000000E+00
2 1 2    1.00000000E+00
2 2 1    1.00000000E+00
2 2 14    1.41421356E+00
2 3 15    1.00000000E+00
2 4 16    1.00000000E+00
2 5 17    1.00000000E+00
2 6 18    1.00000000E+00
2 7 19    1.00000000E+00
2 8 20    1.00000000E+00
2 9 21    1.00000000E+00
2 10 22    1.00000000E+00
2 11 23    1.00000000E+00
2 12 24    1.00000000E+00
2 13 25    1.00000000E+00
2 14 2    1.41421356E+00
2 15 3    1.00000000E+00
2 16 4    1.00000000E+00
2 17 5    1.00000000E+00
2 18 6    1.00000000E+00
2 19 7    1.00000000E+00
2 20 8    1.00000000E+00
2 21 9    1.00000000E+00
2 22 10    1.00000000E+00
2 23 11    1.00000000E+00
2 24 12    1.00000000E+00
2 25 13    1.00000000E+00
3 1 3    1.00000000E+00
3 2 15    1.00000000E+00
3 3 1    1.00000000E+00
3 3 26    1.41421356E+00
3 4 27    1.00000000E+00
3 5 28    1.00000000E+00
3 6 29    1.00000000E+00
3 7 30    1.00000000E+00
3 8 31    1.00000000E+00
3 9 32    1.00000000E+00
3 10 33    1.00000000E+00
3 11 34    1.00000000E+00
3 12 35    1.00000000E+00
3 13 36    1.00000000E+00
3 15 2    1.00000000E+00
3 26 3    1.41421356E+00
3 27 4    1.00000000E+00
3 28 5    1.00000000E+00
3 29 6    1.00000000E+00
3 30 7    1.00000000E+00
3 31 8    1.00000000E+00
3 32 9    1.00000000E+00
3 33 10    1.00000000E+00
3 34 11    1.00000000E+00
3 35 12    1.00000000E+00
3 36 13    1.00000000E+00
4 1 4    1.00000000E+00
4 2 16    1.00000000E+00
4 3 27    1.00000000E+00
4 4 1    1.00000000E+00
4 4 37    1.41421356E+00
4 5 38    1.00000000E+00
4 6 39    1.00000000E+00
4 7 40    1.00000000E+00
4 8 41    1.00000000E+00
4 9 42    1.00000000E+00
4 10 43    1.00000000E+00
4 11 44    1.00000000E+00
4 12 45    1.00000000E+00
4 13 46    1.00000000E+00
4 16 2    1.00000000E+00
4 27 3    1.00000000E+00
4 37 4    1.41421356E+00
4 38 5    1.00000000E+00
4 39 6    1.00000000E+00
4 40 7    1.00000000E+00
4 41 8    1.00000000E+00
4 42 9    1.00000000E+00
4 43 10    1.00000000E+00
4 44 11    1.00000000E+00
4 45 12    1.00000000E+00
4 46 13    1.00000000E+00
5 1 5    1.00000000E+00
5 2 17    1.00000000E+00
5 3 28    1.00000000E+00
5 4 38    1.00000000E+00
5 5 1    1.00000000E+00
5 5 47    1.41421356E+00
5 6 48    1.00000000E+00
5 7 49    1.00000000E+00
5 8 50    1.00000000E+00
5 9 51    1.00000000E+00
5 10 52    1.00000000E+00
5 11 53    1.00000000E+00
5 12 54    1.00000000E+00
5 13 55    1.00000000E+00
5 17 2    1.00000000E+00
5 28 3    1.00000000E+00
5 38 4    1.00000000E+00
5 47 5    1.41421356E+00
5 48 6    1.00000000E+00
5 49 7    1.00000000E+00
5 50 8    1.00000000E+00
5 51 9    1.00000000E+00
5 52 10    1.00000000E+00
5 53 11    1.00000000E+00
5 54 12    1.00000000E+00
5 55 13    1.00000000E+00
6 1 6    1.00000000E+00
6 2 18    1.00000000E+00
6 3 29    1.00000000E+00
6 4 39    1.00000000E+00
6 5 48    1.00000000E+00
6 6 1    1.00000000E+00
6 6 56    1.41421356E+00
6 7 57    1.00000000E+00
6 8 58    1.00000000E+00
6 9 59    1.00000000E+00
6 10 60    1.00000000E+00
6 11 61    1.00000000E+00
6 12 62    1.00000000E+00
6 13 63    1.00000000E+00
6 18 2    1.00000000E+00
6 29 3    1.00000000E+00
6 39 4    1.00000000E+00
6 48 5    1.00000000E+00
6 56 6    1.41421356E+00
6 57 7    1.00000000E+00
6 58 8    1.00000000E+00
6 59 9    1.00000000E+00
6 60 10    1.00000000E+00
6 61 11    1.00000000E+00
6 62 12    1.00000000E+00
6 63 13    1.00000000E+00
7 1 7    1.00000000E+00
7 2 19    1.00000000E+00
7 3 30    1.00000000E+00
7 4 40    1.00000000E+00
7 5 49    1.00000000E+00
7 6 57    1.00000000E+00
7 7 1    1.00000000E+00
7 7 64    1.41421356E+00
7 8 65    1.00000000E+00
7 9 66    1.00000000E+00
7 10 67    1.00000000E+00
7 11 68    1.00000000E+00
7 12 69    1.00000000E+00
7 13 70    1.00000000E+00
7 19 2    1.00000000E+00
7 30 3    1.00000000E+00
7 40 4    1.00000000E+00
7 49 5    1.00000000E+00
7 57 6    1.00000000E+00
7 64 7    1.41421356E+00
7 65 8    1.00000000E+00
7 66 9    1.00000000E+00
7 67 10    1.00000000E+00
7 68 11    1.00000000E+00
7 69 12    1.00000000E+00
7 70 13    1.00000000E+00
8 1 8    1.00000000E+00
8 2 20    1.00000000E+00
8 3 31    1.00000000E+00
8 4 41    1.00000000E+00
8 5 50    1.00000000E+00
8 6 58    1.00000000E+00
8 7 65    1.00000000E+00
8 8 1    1.00000000E+00
8 8 71    1.41421356E+00
8 9 72    1.00000000E+00
8 10 73    1.00000000E+00
8 11 74    1.00000000E+00
8 12 75    1.00000000E+00
8 13 76    1.00000000E+00
8 20 2    1.00000000E+00
8 31 3    1.00000000E+00
8 41 4    1.00000000E+00
8 50 5    1.00000000E+00
8 58 6    1.00000000E+00
8 65 7    1.00000000E+00
8 71 8    1.41421356E+00
8 72 9    1.00000000E+00
8 73 10    1.00000000E+00
8 74 11    1.00000000E+00
8 75 12    1.00000000E+00
8 76 13    1.00000000E+00
9 1 9    1.00000000E+00
9 2 21    1.00000000E+00
9 3 32    1.00000000E+00
9 4 42    1.00000000E+00
9 5 51    1.00000000E+00
9 6 59    1.00000000E+00
9 7 66    1.00000000E+00
9 8 72    1.00000000E+00
9 9 1    1.00000000E+00
9 9 77    1.41421356E+00
9 10 78    1.00000000E+00
9 11 79    1.00000000E+00
9 12 80    1.00000000E+00
9 13 81    1.00000000E+00
9 21 2    1.00000000E+00
9 32 3    1.00000000E+00
9 42 4    1.00000000E+00
9 51 5    1.00000000E+00
9 59 6    1.00000000E+00
9 66 7    1.00000000E+00
9 72 8    1.00000000E+00
9 77 9    1.41421356E+00
9 78 10    1.00000000E+00
9 79 11    1.00000000E+00
9 80 12    1.00000000E+00
9 81 13    1.00000000E+00
10 1 10    1.00000000E+00
10 2 22    1.00000000E+00
10 3 33    1.00000000E+00
10 4 43    1.00000000E+00
10 5 52    1.00000000E+00
10 6 60    1.00000000E+00
10 7 67    1.00000000E+00
10 8 73    1.00000000E+00
10 9 78    1.00000000E+00
10 10 1    1.00000000E+00
10 10 82    1.41421356E+00
10 11 83    1.00000000E+00
10 12 84    1.00000000E+00
10 13 85    1.00000000E+00
10 22 2    1.00000000E+00
10 33 3    1.00000000E+00
10 43 4    1.00000000E+00
10 52 5    1.00000000E+00
10 60 6    1.00000000E+00
10 67 7    1.00000000E+00
10 73 8    1.00000000E+00
10 78 9    1.00000000E+00
10 82 10    1.41421356E+00
10 83 11    1.00000000E+00
10 84 12    1.00000000E+00
10 85 13    1.00000000E+00
11 1 11    1.00000000E+00
11 2 23    1.00000000E+00
11 3 34    1.00000000E+00
11 4 44    1.00000000E+00
11 5 53    1.00000000E+00
11 6 61    1.00000000E+00
11 7 68    1.00000000E+00
11 8 74    1.00000000E+00
11 9 79    1.00000000E+00
11 10 83    1.00000000E+00
11 11 1    1.00000000E+00
11 11 86    1.41421356E+00
11 12 87    1.00000000E+00
11 13 88    1.00000000E+00
11 23 2    1.00000000E+00
11 34 3    1.00000000E+00
11 44 4    1.00000000E+00
11 53 5    1.00000000E+00
11 61 6    1.00000000E+00
11 68 7    1.00000000E+00
11 74 8    1.00000000E+00
11 79 9    1.00000000E+00
11 83 10    1.00000000E+00
11 86 11    1.41421356E+00
11 87 12    1.00000000E+00
11 88 13    1.00000000E+00
12 1 12    1.00000000E+00
12 2 24    1.00000000E+00
12 3 35    1.00000000E+00
12 4 45    1.00000000E+00
12 5 54    1.00000000E+00
12 6 62    1.00000000E+00
12 7 69    1.00000000E+00
12 8 75    1.00000000E+00
12 9 80    1.00000000E+00
12 10 84    1.00000000E+00
12 11 87    1.00000000E+00
12 12 1    1.00000000E+00
12 12 89    1.41421356E+00
12 13 90    1.00000000E+00
12 24 2    1.00000000E+00
12 35 3    1.00000000E+00
12 45 4    1.00000000E+00
12 54 5    1.00000000E+00
12 62 6    1.00000000E+00
12 69 7    1.00000000E+00
12 75 8    1.00000000E+00
12 80 9    1.00000000E+00
12 84 10    1.00000000E+00
12 87 11    1.00000000E+00
12 89 12    1.41421356E+00
12 90 13    1.00000000E+00
13 1 13    1.00000000E+00
13 2 25    1.00000000E+00
13 3 36    1.00000000E+00
13 4 46    1.00000000E+00
13 5 55    1.00000000E+00
13 6 63    1.00000000E+00
13 7 70    1.00000000E+00
13 8 76    1.00000000E+00
13 9 81    1.00000000E+00
13 10 85    1.00000000E+00
13 11 88    1.00000000E+00
13 12 90    1.00000000E+00
13 13 1    1.00000000E+00
13 13 91    1.41421356E+00
13 25 2    1.00000000E+00
13 36 3    1.00000000E+00
13 46 4    1.00000000E+00
13 55 5    1.00000000E+00
13 63 6    1.00000000E+00
13 70 7    1.00000000E+00
13 76 8    1.00000000E+00
13 81 9    1.00000000E+00
13 85 10    1.00000000E+00
13 88 11    1.00000000E+00
13 90 12    1.00000000E+00
13 91 13    1.41421356E+00
14 1 14    1.00000000E+00
14 2 2    1.41421356E+00
14 14 1    1.00000000E+00
14 14 14    2.82842712E+00
14 15 15    1.41421356E+00
14 16 16    1.41421356E+00
14 17 17    1.41421356E+00
14 18 18    1.41421356E+00
14 19 19    1.41421356E+00
14 20 20    1.41421356E+00
14 21 21    1.41421356E+00
14 22 22    1.41421356E+00
14 23 23    1.41421356E+00
14 24 24    1.41421356E+00
14 25 25    1.41421356E+00
15 1 15    1.00000000E+00
15 2 3    1.00000000E+00
15 3 2    1.00000000E+00
15 14 15    1.41421356E+00
15 15 1    1.00000000E+00
15 15 14    1.41421356E+00
15 15 26    1.41421356E+00
15 16 27    1.00000000E+00
15 17 28    1.00000000E+00
15 18 29    1.00000000E+00
15 19 30    1.00000000E+00
15 20 31    1.00000000E+00
15 21 32    1.00000000E+00
15 22 33    1.00000000E+00
15 23 34    1.00000000E+00
15 24 35    1.00000000E+00
15 25 36    1.00000000E+00
15 26 15    1.41421356E+00
15 27 16    1.00000000E+00
15 28 17    1.00000000E+00
15 29 18    1.00000000E+00
15 30 19    1.00000000E+00
15 31 20    1.00000000E+00
15 32 21    1.00000000E+00
15 33 22    1.00000000E+00
15 34 23    1.00000000E+00
15 35 24    1.00000000E+00
15 36 25    1.00000000E+00
16 1 16    1.00000000E+00
16 2 4    1.00000000E+00
16 4 2    1.00000000E+00
16 14 16    1.41421356E+00
16 15 27    1.00000000E+00
16 16 1    1.00000000E+00
16 16 14    1.41421356E+00
16 16 37    1.41421356E+00
16 17 38    1.00000000E+00
16 18 39    1.00000000E+00
16 19 40    1.00000000E+00
16 20 41    1.00000000E+00
16 21 42    1.00000000E+00
16 22 43    1.00000000E+00
16 23 44    1.00000000E+00
16 24 45    1.00000000E+00
16 25 46    1.00000000E+00
16 27 15    1.00000000E+00
16 37 16    1.41421356E+00
16 38 17    1.00000000E+00
16 39 18    1.00000000E+00
16 40 19    1.00000000E+00
16 41 20    1.00000000E+00
16 42 21    1.00000000E+00
16 43 22    1.00000000E+00
16 44 23    1.00000000E+00
16 45 24    1.00000000E+00
16 46 25    1.00000000E+00
17 1 17    1.00000000E+00
17 2 5    1.00000000E+00
17 5 2    1.00000000E+00
17 14 17    1.41421356E+00
17 15 28    1.00000000E+00
17 16 38    1.00000000E+00
17 17 1    1.00000000E+00
17 17 14    1.41421356E+00
17 17 47    1.41421356E+00
17 18 48    1.00000000E+00
17 19 49    1.00000000E+00
17 20 50    1.00000000E+00
17 21 51    1.00000000E+00
17 22 52    1.00000000E+00
17 23 53    1.00000000E+00
17 24 54    1.00000000E+00
17 25 55    1.00000000E+00
17 28 15    1.00000000E+00
17 38 16    1.00000000E+00
17 47 17    1.41421356E+00
17 48 18    1.00000000E+00
17 49 19    1.00000000E+00
17 50 20    1.00000000E+00
17 51 21    1.00000000E+00
17 52 22    1.00000000E+00
17 53 23    1.00000000E+00
17 54 24    1.00000000E+00
17 55 25    1.00000000E+00
18 1 18    1.00000000E+00
18 2 6    1.00000000E+00
18 6 2    1.00000000E+00
18 14 18    1.41421356E+00
18 15 29    1.00000000E+00
18 16 39    1.00000000E+00
18 17 48    1.00000000E+00
18 18 1    1.00000000E+00
18 18 14    1.41421356E+00
18 18 56    1.41421356E+00
18 19 57    1.00000000E+00
18 20 58    1.00000000E+00
18 21 59    1.00000000E+00
18 22 60    1.00000000E+00
18 23 61    1.00000000E+00
18 24 62    1.00000000E+00
18 25 63    1.00000000E+00
18 29 15    1.00000000E+00
18 39 16    1.00000000E+00
18 48 17    1.00000000E+00
18 56 18    1.41421356E+00
18 57 19    1.00000000E+00
18 58 20    1.00000000E+00
18 59 21    1.00000000E+00
18 60 22    1.00000000E+00
18 61 23    1.00000000E+00
18 62 24    1.00000000E+00
18 63 25    1.00000000E+00
19 1 19    1.00000000E+00
19 2 7    1.00000000E+00
19 7 2    1.00000000E+00
19 14 19    1.41421356E+00
19 15 30    1.00000000E+00
19 16 40    1.00000000E+00
19 17 49    1.00000000E+00
19 18 57    1.00000000E+00
19 19 1    1.00000000E+00
19 19 14    1.41421356E+00
19 19 64    1.41421356E+00
19 20 65    1.00000000E+00
19 21 66    1.00000000E+00
19 22 67    1.00000000E+00
19 23 68    1.00000000E+00
19 24 69    1.00000000E+00
19 25 70    1.00000000E+00
19 30 15    1.00000000E+00
19 40 16    1.00000000E+00
19 49 17    1.00000000E+00
19 57 18    1.00000000E+00
19 64 19    1.41421356E+00
19 65 20    1.00000000E+00
19 66 21    1.00000000E+00
19 67 22    1.00000000E+00
19 68 23    1.00000000E+00
19 69 24    1.00000000E+00
19 70 25    1.00000000E+00
20 1 20    1.00000000E+00
20 2 8    1.00000000E+00
20 8 2    1.00000000E+00
20 14 20    1.41421356E+00
20 15 31    1.00000000E+00
20 16 41    1.00000000E+00
20 17 50    1.00000000E+00
20 18 58    1.00000000E+00
20 19 65    1.00000000E+00
20 20 1    1.00000000E+00
20 20 14    1.41421356E+00
20 20 71    1.41421356E+00
20 21 72    1.00000000E+00
20 22 73    1.00000000E+00
20 23 74    1.00000000E+00
20 24 75    1.00000000E+00
20 25 76    1.00000000E+00
20 31 15    1.00000000E+00
20 41 16    1.00000000E+00
20 50 17    1.00000000E+00
20 58 18    1.00000000E+00
20 65 19    1.00000000E+00
20 71 20    1.41421356E+00
20 72 21    1.00000000E+00
20 73 22    1.00000000E+00
20 74 23    1.00000000E+00
20 75 24    1.00000000E+00
20 76 25    1.00000000E+00
21 1 21    1.00000000E+00
21 2 9    1.00000000E+00
21 9 2    1.00000000E+00
21 14 21    1.41421356E+00
21 15 32    1.00000000E+00
21 16 42    1.00000000E+00
21 17 51    1.00000000E+00
21 18 59    1.00000000E+00
21 19 66    1.00000000E+00
21 20 72    1.00000000E+00
21 21 1    1.00000000E+00
21 21 14    1.41421356E+00
21 21 77    1.41421356E+00
21 22 78    1.00000000E+00
21 23 79    1.00000000E+00
21 24 80    1.00000000E+00
21 25 81    1.00000000E+00
21 32 15    1.00000000E+00
21 42 16    1.00000000E+00
21 51 17    1.00000000E+00
21 59 18    1.00000000E+00
21 66 19    1.00000000E+00
21 72 20    1.00000000E+00
21 77 21    1.41421356E+00
21 78 22    1.00000000E+00
21 79 23    1.00000000E+00
21 80 24    1.00000000E+00
21 81 25    1.00000000E+00
22 1 22    1.00000000E+00
22 2 10    1.00000000E+00
22 10 2    1.00000000E+00
22 14 22    1.41421356E+00
22 15 33    1.00000000E+00
22 16 43    1.00000000E+00
22 17 52    1.00000000E+00
22 18 60    1.00000000E+00
22 19 67    1.00000000E+00
22 20 73    1.00000000E+00
22 21 78    1.00000000E+00
22 22 1    1.00000000E+00
22 22 14    1.41421356E+00
22 22 82    1.41421356E+00
22 23 83    1.00000000E+00
22 24 84    1.00000000E+00
22 25 85    1.00000000E+00
22 33 15    1.00000000E+00
22 43 16    1.00000000E+00
22 52 17    1.00000000E+00
22 60 18    1.00000000E+00
22 67 19    1.00000000E+00
22 73 20    1.00000000E+00
22 78 21    1.00000000E+00
22 82 22    1.41421356E+00
22 83 23    1.00000000E+00
22 84 24    1.00000000E+00
22 85 25    1.00000000E+00
23 1 23    1.00000000E+00
23 2 11    1.00000000E+00
23 11 2    1.00000000E+00
23 14 23    1.41421356E+00
23 15 34    1.00000000E+00
23 16 44    1.00000000E+00
23 17 53    1.00000000E+00
23 18 61    1.00000000E+00
23 19 68    1.00000000E+00
23 20 74    1.00000000E+00
23 21 79    1.00000000E+00
23 22 83    1.00000000E+00
23 23 1    1.00000000E+00
23 23 14    1.41421356E+00
23 23 86    1.41421356E+00
23 24 87    1.00000000E+00
23 25 88    1.00000000E+00
23 34 15    1.00000000E+00
23 44 16    1.00000000E+00
23 53 17    1.00000000E+00
23 61 18    1.00000000E+00
23 68 19    1.00000000E+00
23 74 20    1.00000000E+00
23 79 21    1.00000000E+00
23 83 22    1.00000000E+00
23 86 23    1.41421356E+00
23 87 24    1.00000000E+00
23 88 25    1.00000000E+00
24 1 24    1.00000000E+00
24 2 12    1.00000000E+00
24 12 2    1.00000000E+00
24 14 24    1.41421356E+00
24 15 35    1.00000000E+00
24 16 45    1.00000000E+00
24 17 54    1.00000000E+00
24 18 62    1.00000000E+00
24 19 69    1.00000000E+00
24 20 75    1.00000000E+00
24 21 80    1.00000000E+00
24 22 84    1.00000000E+00
24 23 87    1.00000000E+00
24 24 1    1.00000000E+00
24 24 14    1.41421356E+00
24 24 89    1.41421356E+00
24 25 90    1.00000000E+00
24 35 15    1.00000000E+00
24 45 16    1.00000000E+00
24 54 17    1.00000000E+00
24 62 18    1.00000000E+00
24 69 19    1.00000000E+00
24 75 20    1.00000000E+00
24 80 21    1.00000000E+00
24 84 22    1.00000000E+00
24 87 23    1.00000000E+00
24 89 24    1.41421356E+00
24 90 25    1.00000000E+00
25 1 25    1.00000000E+00
25 2 13    1.00000000E+00
25 13 2    1.00000000E+00
25 14 25    1.41421356E+00
25 15 36    1.00000000E+00
25 16 46    1.00000000E+00
25 17 55    1.00000000E+00
25 18 63    1.00000000E+00
25 19 70    1.00000000E+00
25 20 76    1.00000000E+00
25 21 81    1.00000000E+00
25 22 85    1.00000000E+00
25 23 88    1.00000000E+00
25 24 90    1.00000000E+00
25 25 1    1.00000000E+00
25 25 14    1.41421356E+00
25 25 91    1.41421356E+00
25 36 15    1.00000000E+00
25 46 16    1.00000000E+00
25 55 17    1.00000000E+00
25 63 18    1.00000000E+00
25 70 19    1.00000000E+00
25 76 20    1.00000000E+00
25 81 21    1.00000000E+00
25 85 22    1.00000000E+00
25 88 23    1.00000000E+00
25 90 24    1.00000000E+00
25 91 25    1.41421356E+00
26 1 26    1.00000000E+00
26 3 3    1.41421356E+00
26 15 15    1.41421356E+00
26 26 1    1.00000000E+00
26 26 26    2.82842712E+00
26 27 27    1.41421356E+00
26 28 28    1.41421356E+00
26 29 29    1.41421356E+00
26 30 30    1.41421356E+00
26 31 31    1.41421356E+00
26 32 32    1.41421356E+00
26 33 33    1.41421356E+00
26 34 34    1.41421356E+00
26 35 35    1.41421356E+00
26 36 36    1.41421356E+00
27 1 27    1.00000000E+00
27 3 4    1.00000000E+00
27 4 3    1.00000000E+00
27 15 16    1.00000000E+00
27 16 15    1.00000000E+00
27 26 27    1.41421356E+00
27 27 1    1.00000000E+00
27 27 26    1.41421356E+00
27 27 37    1.41421356E+00
27 28 38    1.00000000E+00
27 29 39    1.00000000E+00
27 30 40    1.00000000E+00
27 31 41    1.00000000E+00
27 32 42    1.00000000E+00
27 33 43    1.00000000E+00
27 34 44    1.00000000E+00
27 35 45    1.00000000E+00
27 36 46    1.00000000E+00
27 37 27    1.41421356E+00
27 38 28    1.00000000E+00
27 39 29    1.00000000E+00
27 40 30    1.00000000E+00
27 41 31    1.00000000E+00
27 42 32    1.00000000E+00
27 43 33    1.00000000E+00
27 44 34    1.00000000E+00
27 45 35    1.00000000E+00
27 46 36    1.00000000E+00
28 1 28    1.00000000E+00
28 3 5    1.00000000E+00
28 5 3    1.00000000E+00
28 15 17    1.00000000E+00
28 17 15    1.00000000E+00
28 26 28    1.41421356E+00
28 27 38    1.00000000E+00
28 28 1    1.00000000E+00
28 28 26    1.41421356E+00
28 28 47    1.41421356E+00
28 29 48    1.00000000E+00
28 30 49    1.00000000E+00
28 31 50    1.00000000E+00
28 32 51    1.00000000E+00
28 33 52    1.00000000E+00
28 34 53    1.00000000E+00
28 35 54    1.00000000E+00
28 36 55    1.00000000E+00
28 38 27    1.00000000E+00
28 47 28    1.41421356E+00
28 48 29    1.00000000E+00
28 49 30    1.00000000E+00
28 50 31    1.00000000E+00
28 51 32    1.00000000E+00
28 52 33    1.00000000E+00
28 53 34    1.00000000E+00
28 54 35    1.00000000E+00
28 55 36    1.00000000E+00
29 1 29    1.00000000E+00
29 3 6    1.00000000E+00
29 6 3    1.00000000E+00
29 15 18    1.00000000E+00
29 18 15    1.00000000E+00
29 26 29    1.41421356E+00
29 27 39    1.00000000E+00
29 28 48    1.00000000E+00
29 29 1    1.00000000E+00
29 29 26    1.41421356E+00
29 29 56    1.41421356E+00
29 30 57    1.00000000E+00
29 31 58    1.00000000E+00
29 32 59    1.00000000E+00
29 33 60    1.00000000E+00
29 34 61    1.00000000E+00
29 35 62    1.00000000E+00
29 36 63    1.00000000E+00
29 39 27    1.00000000E+00
29 48 28    1.00000000E+00
29 56 29    1.41421356E+00
29 57 30    1.00000000E+00
29 58 31    1.00000000E+00
29 59 32    1.00000000E+00
29 60 33    1.00000000E+00
29 61 34    1.00000000E+00
29 62 35    1.00000000E+00
29 63 36    1.00000000E+00
30 1 30    1.00000000E+00
30 3 7    1.00000000E+00
30 7 3    1.00000000E+00
30 15 19    1.00000000E+00
30 19 15    1.00000000E+00
30 26 30    1.41421356E+00
30 27 40    1.00000000E+00
30 28 49    1.00000000E+00
30 29 57    1.00000000E+00
30 30 1    1.00000000E+00
30 30 26    1.41421356E+00
30 30 64    1.41421356E+00
30 31 65    1.00000000E+00
30 32 66    1.00000000E+00
30 33 67    1.00000000E+00
30 34 68    1.00000000E+00
30 35 69    1.00000000E+00
30 36 70    1.00000000E+00
30 40 27    1.00000000E+00
30 49 28    1.00000000E+00
30 57 29    1.00000000E+00
30 64 30    1.41421356E+00
30 65 31    1.00000000E+00
30 66 32    1.00000000E+00
30 67 33    1.00000000E+00
30 68 34    1.00000000E+00
30 69 35    1.00000000E+00
30 70 36    1.00000000E+00
31 1 31    1.00000000E+00
31 3 8    1.00000000E+00
31 8 3    1.00000000E+00
31 15 20    1.00000000E+00
31 20 15    1.00000000E+00
31 26 31    1.41421356E+00
31 27 41    1.00000000E+00
31 28 50    1.00000000E+00
31 29 58    1.00000000E+00
31 30 65    1.00000000E+00
31 31 1    1.00000000E+00
31 31 26    1.41421356E+00
31 31 71    1.41421356E+00
31 32 72    1.00000000E+00
31 33 73    1.00000000E+00
31 34 74    1.00000000E+00
31 35 75    1.00000000E+00
31 36 76    1.00000000E+00
31 41 27    1.00000000E+00
31 50 28    1.00000000E+00
31 58 29    1.00000000E+00
31 65 30    1.00000000E+00
31 71 31    1.41421356E+00
31 72 32    1.00000000E+00
31 73 33    1.00000000E+00
31 74 34    1.00000000E+00
31 75 35    1.00000000E+00
31 76 36    1.00000000E+00
32 1 32    1.00000000E+00
32 3 9    1.00000000E+00
32 9 3    1.00000000E+00
32 15 21    1.00000000E+00
32 21 15    1.00000000E+00
32 26 32    1.41421356E+00
32 27 42    1.00000000E+00
32 28 51    1.00000000E+00
32 29 59    1.00000000E+00
32 30 66    1.00000000E+00
32 31 72    1.00000000E+00
32 32 1    1.00000000E+00
32 32 26    1.41421356E+00
32 32 77    1.41421356E+00
32 33 78    1.00000000E+00
32 34 79    1.00000000E+00
32 35 80    1.00000000E+00
32 36 81    1.00000000E+00
32 42 27    1.00000000E+00
32 51 28    1.00000000E+00
32 59 29    1.00000000E+00
32 66 30    1.00000000E+00
32 72 31    1.00000000E+00
32 77 32    1.41421356E+00
32 78 33    1.00000000E+00
32 79 34    1.00000000E+00
32 80 35    1.00000000E+00
32 81 36    1.00000000E+00
33 1 33    1.00000000E+00
33 3 10    1.00000000E+00
33 10 3    1.00000000E+00
33 15 22    1.00000000E+00
33 22 15    1.00000000E+00
33 26 33    1.41421356E+00
33 27 43    1.00000000E+00
33 28 52    1.00000000E+00
33 29 60    1.00000000E+00
33 30 67    1.00000000E+00
33 31 73    1.00000000E+00
33 32 78    1.00000000E+00
33 33 1    1.00000000E+00
33 33 26    1.41421356E+00
33 33 82    1.41421356E+00
33 34 83    1.00000000E+00
33 35 84    1.00000000E+00
33 36 85    1.00000000E+00
33 43 27    1.00000000E+00
33 52 28    1.00000000E+00
33 60 29    1.00000000E+00
33 67 30    1.00000000E+00
33 73 31    1.00000000E+00
33 78 32    1.00000000E+00
33 82 33    1.41421356E+00
33 83 34    1.00000000E+00
33 84 35    1.00000000E+00
33 85 36    1.00000000E+00
34 1 34    1.00000000E+00
34 3 11    1.00000000E+00
34 11 3    1.00000000E+00
34 15 23    1.00000000E+00
34 23 15    1.00000000E+00
34 26 34    1.41421356E+00
34 27 44    1.00000000E+00
34 28 53    1.00000000E+00
34 29 61    1.00000000E+00
34 30 68    1.00000000E+00
34 31 74    1.00000000E+00
34 32 79    1.00000000E+00
34 33 83    1.00000000E+00
34 34 1    1.00000000E+00
34 34 26    1.41421356E+00
34 34 86    1.41421356E+00
34 35 87    1.00000000E+00
34 36 88    1.00000000E+00
34 44 27    1.00000000E+00
34 53 28    1.00000000E+00
34 61 29    1.00000000E+00
34 68 30    1.00000000E+00
34 74 31    1.00000000E+00
34 79 32    1.00000000E+00
34 83 33    1.00000000E+00
34 86 34    1.41421356E+00
34 87 35    1.00000000E+00
34 88 36    1.00000000E+00
35 1 35    1.00000000E+00
35 3 12    1.00000000E+00
35 12 3    1.00000000E+00
35 15 24    1.00000000E+00
35 24 15    1.00000000E+00
35 26 35    1.41421356E+00
35 27 45    1.00000000E+00
35 28 54    1.00000000E+00
35 29 62    1.00000000E+00
35 30 69    1.00000000E+00
35 31 75    1.00000000E+00
35 32 80    1.00000000E+00
35 33 84    1.00000000E+00
35 34 87    1.00000000E+00
35 35 1    1.00000000E+00
35 35 26    1.41421356E+00
35 35 89    1.41421356E+00
35 36 90    1.00000000E+00
35 45 27    1.00000000E+00
35 54 28    1.00000000E+00
35 62 29    1.00000000E+00
35 69 30    1.00000000E+00
35 75 31    1.00000000E+00
35 80 32    1.00000000E+00
35 84 33    1.00000000E+00
35 87 34    1.00000000E+00
35 89 35    1.41421356E+00
35 90 36    1.00000000E+00
36 1 36    1.00000000E+00
36 3 13    1.00000000E+00
36 13 3    1.00000000E+00
36 15 25    1.00000000E+00
36 25 15    1.00000000E+00
36 26 36    1.41421356E+00
36 27 46    1.00000000E+00
36 28 55    1.00000000E+00
36 29 63    1.00000000E+00
36 30 70    1.00000000E+00
36 31 76    1.00000000E+00
36 32 81    1.00000000E+00
36 33 85    1.00000000E+00
36 34 88    1.00000000E+00
36 35 90    1.00000000E+00
36 36 1    1.00000000E+00
36 36 26    1.41421356E+00
36 36 91    1.41421356E+00
36 46 27    1.00000000E+00
36 55 28    1.00000000E+00
36 63 29    1.00000000E+00
36 70 30    1.00000000E+00
36 76 31    1.00000000E+00
36 81 32    1.00000000E+00
36 85 33    1.00000000E+00
36 88 34    1.00000000E+00
36 90 35    1.00000000E+00
36 91 36    1.41421356E+00
37 1 37    1.00000000E+00
37 4 4    1.41421356E+00
37 16 16    1.41421356E+00
37 27 27    1.41421356E+00
37 37 1    1.00000000E+00
37 37 37    2.82842712E+00
37 38 38    1.41421356E+00
37 39 39    1.41421356E+00
37 40 40    1.41421356E+00
37 41 41    1.41421356E+00
37 42 42    1.41421356E+00
37 43 43    1.41421356E+00
37 44 44    1.41421356E+00
37 45 45    1.41421356E+00
37 46 46    1.41421356E+00
38 1 38    1.00000000E+00
38 4 5    1.00000000E+00
38 5 4    1.00000000E+00
38 16 17    1.00000000E+00
38 17 16    1.00000000E+00
38 27 28    1.00000000E+00
38 28 27    1.00000000E+00
38 37 38    1.41421356E+00
38 38 1    1.00000000E+00
38 38 37    1.41421356E+00
38 38 47    1.41421356E+00
38 39 48    1.00000000E+00
38 40 49    1.00000000E+00
38 41 50    1.00000000E+00
38 42 51    1.00000000E+00
38 43 52    1.00000000E+00
38 44 53    1.00000000E+00
38 45 54    1.00000000E+00
38 46 55    1.00000000E+00
38 47 38    1.41421356E+00
38 48 39    1.00000000E+00
38 49 40    1.00000000E+00
38 50 41    1.00000000E+00
38 51 42    1.00000000E+00
38 52 43    1.00000000E+00
38 53 44    1.00000000E+00
38 54 45    1.00000000E+00
38 55 46    1.00000000E+00
39 1 39    1.00000000E+00
39 4 6    1.00000000E+00
39 6 4    1.00000000E+00
39 16 18    1.00000000E+00
39 18 16    1.00000000E+00
39 27 29    1.00000000E+00
39 29 27    1.00000000E+00
39 37 39    1.41421356E+00
39 38 48    1.00000000E+00
39 39 1    1.00000000E+00
39 39 37    1.41421356E+00
39 39 56    1.41421356E+00
39 40 57    1.00000000E+00
39 41 58    1.00000000E+00
39 42 59    1.00000000E+00
39 43 60    1.00000000E+00
39 44 61    1.00000000E+00
39 45 62    1.00000000E+00
39 46 63    1.00000000E+00
39 48 38    1.00000000E+00
39 56 39    1.41421356E+00
39 57 40    1.00000000E+00
39 58 41    1.00000000E+00
39 59 42    1.00000000E+00
39 60 43    1.00000000E+00
39 61 44    1.00000000E+00
39 62 45    1.00000000E+00
39 63 46    1.00000000E+00
40 1 40    1.00000000E+00
40 4 7    1.00000000E+00
40 7 4    1.00000000E+00
40 16 19    1.00000000E+00
40 19 16    1.00000000E+00
40 27 30    1.00000000E+00
40 30 27    1.00000000E+00
40 37 40    1.41421356E+00
40 38 49    1.00000000E+00
40 39 57    1.00000000E+00
40 40 1    1.00000000E+00
40 40 37    1.41421356E+00
40 40 64    1.41421356E+00
40 41 65    1.00000000E+00
40 42 66    1.00000000E+00
40 43 67    1.00000000E+00
40 44 68    1.00000000E+00
40 45 69    1.00000000E+00
40 46 70    1.00000000E+00
40 49 38    1.00000000E+00
40 57 39    1.00000000E+00
40 64 40    1.41421356E+00
40 65 41    1.00000000E+00
40 66 42    1.00000000E+00
40 67 43    1.00000000E+00
40 68 44    1.00000000E+00
40 69 45    1.00000000E+00
40 70 46    1.00000000E+00
41 1 41    1.00000000E+00
41 4 8    1.00000000E+00
41 8 4    1.00000000E+00
41 16 20    1.00000000E+00
41 20 16    1.00000000E+00
41 27 31    1.00000000E+00
41 31 27    1.00000000E+00
41 37 41    1.41421356E+00
41 38 50    1.00000000E+00
41 39 58    1.00000000E+00
41 40 65    1.00000000E+00
41 41 1    1.00000000E+00
41 41 37    1.41421356E+00
41 41 71    1.41421356E+00
41 42 72    1.00000000E+00
41 43 73    1.00000000E+00
41 44 74    1.00000000E+00
41 45 75    1.00000000E+00
41 46 76    1.00000000E+00
41 50 38    1.00000000E+00
41 58 39    1.00000000E+00
41 65 40    1.00000000E+00
41 71 41    1.41421356E+00
41 72 42    1.00000000E+00
41 73 43    1.00000000E+00
41 74 44    1.00000000E+00
41 75 45    1.00000000E+00
41 76 46    1.00000000E+00
42 1 42    1.00000000E+00
42 4 9    1.00000000E+00
42 9 4    1.00000000E+00
42 16 21    1.00000000E+00
42 21 16    1.00000000E+00
42 27 32    1.00000000E+00
42 32 27    1.00000000E+00
42 37 42    1.41421356E+00
42 38 51    1.00000000E+00
42 39 59    1.00000000E+00
42 40 66    1.00000000E+00
42 41 72    1.00000000E+00
42 42 1    1.00000000E+00
42 42 37    1.41421356E+00
42 42 77    1.41421356E+00
42 43 78    1.00000000E+00
42 44 79    1.00000000E+00
42 45 80    1.00000000E+00
42 46 81    1.00000000E+00
42 51 38    1.00000000E+00
42 59 39    1.00000000E+00
42 66 40    1.00000000E+00
42 72 41    1.00000000E+00
42 77 42    1.41421356E+00
42 78 43    1.00000000E+00
42 79 44    1.00000000E+00
42 80 45    1.00000000E+00
42 81 46    1.00000000E+00
43 1 43    1.00000000E+00
43 4 10    1.00000000E+00
43 10 4    1.00000000E+00
43 16 22    1.00000000E+00
43 22 16    1.00000000E+00
43 27 33    1.00000000E+00
43 33 27    1.00000000E+00
43 37 43    1.41421356E+00
43 38 52    1.00000000E+00
43 39 60    1.00000000E+00
43 40 67    1.00000000E+00
43 41 73    1.00000000E+00
43 42 78    1.00000000E+00
43 43 1    1.00000000E+00
43 43 37    1.41421356E+00
43 43 82    1.41421356E+00
43 44 83    1.00000000E+00
43 45 84    1.00000000E+00
43 46 85    1.00000000E+00
43 52 38    1.00000000E+00
43 60 39    1.00000000E+00
43 67 40    1.00000000E+00
43 73 41    1.00000000E+00
43 78 42    1.00000000E+00
43 82 43    1.41421356E+00
43 83 44    1.00000000E+00
43 84 45    1.00000000E+00
43 85 46    1.00000000E+00
44 1 44    1.00000000E+00
44 4 11    1.00000000E+00
44 11 4    1.00000000E+00
44 16 23    1.00000000E+00
44 23 16    1.00000000E+00
44 27 34    1.00000000E+00
44 34 27    1.00000000E+00
44 37 44    1.41421356E+00
44 38 53    1.00000000E+00
44 39 61    1.00000000E+00
44 40 68    1.00000000E+00
44 41 74    1.00000000E+00
44 42 79    1.00000000E+00
44 43 83    1.00000000E+00
44 44 1    1.00000000E+00
44 44 37    1.41421356E+00
44 44 86    1.41421356E+00
44 45 87    1.00000000E+00
44 46 88    1.00000000E+00
44 53 38    1.00000000E+00
44 61 39    1.00000000E+00
44 68 40    1.00000000E+00
44 74 41    1.00000000E+00
44 79 42    1.00000000E+00
44 83 43    1.00000000E+00
44 86 44    1.41421356E+00
44 87 45    1.00000000E+00
44 88 46    1.00000000E+00
45 1 45    1.00000000E+00
45 4 12    1.00000000E+00
45 12 4    1.00000000E+00
45 16 24    1.00000000E+00
45 24 16    1.00000000E+00
45 27 35    1.00000000E+00
45 35 27    1.00000000E+00
45 37 45    1.41421356E+00
45 38 54    1.00000000E+00
45 39 62    1.00000000E+00
45 40 69    1.00000000E+00
45 41 75    1.00000000E+00
45 42 80    1.00000000E+00
45 43 84    1.00000000E+00
45 44 87    1.00000000E+00
45 45 1    1.00000000E+00
45 45 37    1.41421356E+00
45 45 89    1.41421356E+00
45 46 90    1.00000000E+00
45 54 38    1.00000000E+00
45 62 39    1.00000000E+00
45 69 40    1.00000000E+00
45 75 41    1.00000000E+00
45 80 42    1.00000000E+00
45 84 43    1.00000000E+00
45 87 44    1.00000000E+00
45 89 45    1.41421356E+00
45 90 46    1.00000000E+00
46 1 46    1.00000000E+00
46 4 13    1.00000000E+00
46 13 4    1.00000000E+00
46 16 25    1.00000000E+00
46 25 16    1.00000000E+00
46 27 36    1.00000000E+00
46 36 27    1.00000000E+00
46 37 46    1.41421356E+00
46 38 55    1.00000000E+00
46 39 63    1.00000000E+00
46 40 70    1.00000000E+00
46 41 76    1.00000000E+00
46 42 81    1.00000000E+00
46 43 85    1.00000000E+00
46 44 88    1.00000000E+00
46 45 90    1.00000000E+00
46 46 1    1.00000000E+00
46 46 37    1.41421356E+00
46 46 91    1.41421356E+00
46 55 38    1.00000000E+00
46 63 39    1.00000000E+00
46 70 40    1.00000000E+00
46 76 41    1.00000000E+00
46 81 42    1.00000000E+00
46 85 43    1.00000000E+00
46 88 44    1.00000000E+00
46 90 45    1.00000000E+00
46 91 46    1.41421356E+00
47 1 47    1.00000000E+00
47 5 5    1.41421356E+00
47 17 17    1.41421356E+00
47 28 28    1.41421356E+00
47 38 38    1.41421356E+00
47 47 1    1.00000000E+00
47 47 47    2.82842712E+00
47 48 48    1.41421356E+00
47 49 49    1.41421356E+00
47 50 50    1.41421356E+00
47 51 51    1.41421356E+00
47 52 52    1.41421356E+00
47 53 53    1.41421356E+00
47 54 54    1.41421356E+00
47 55 55    1.41421356E+00
48 1 48    1.00000000E+00
48 5 6    1.00000000E+00
48 6 5    1.00000000E+00
48 17 18    1.00000000E+00
48 18 17    1.00000000E+00
48 28 29    1.00000000E+00
48 29 28    1.00000000E+00
48 38 39    1.00000000E+00
48 39 38    1.00000000E+00
48 47 48    1.41421356E+00
48 48 1    1.00000000E+00
48 48 47    1.41421356E+00
48 48 56    1.41421356E+00
48 49 57    1.00000000E+00
48 50 58    1.00000000E+00
48 51 59    1.00000000E+00
48 52 60    1.00000000E+00
48 53 61    1.00000000E+00
48 54 62    1.00000000E+00
48 55 63    1.00000000E+00
48 56 48    1.41421356E+00
48 57 49    1.00000000E+00
48 58 50    1.00000000E+00
48 59 51    1.00000000E+00
48 60 52    1.00000000E+00
48 61 53    1.00000000E+00
48 62 54    1.00000000E+00
48 63 55    1.00000000E+00
49 1 49    1.00000000E+00
49 5 7    1.00000000E+00
49 7 5    1.00000000E+00
49 17 19    1.00000000E+00
49 19 17    1.00000000E+00
49 28 30    1.00000000E+00
49 30 28    1.00000000E+00
49 38 40    1.00000000E+00
49 40 38    1.00000000E+00
49 47 49    1.41421356E+00
49 48 57    1.00000000E+00
49 49 1    1.00000000E+00
49 49 47    1.41421356E+00
49 49 64    1.41421356E+00
49 50 65    1.00000000E+00
49 51 66    1.00000000E+00
49 52 67    1.00000000E+00
49 53 68    1.00000000E+00
49 54 69    1.00000000E+00
49 55 70    1.00000000E+00
49 57 48    1.00000000E+00
49 64 49    1.41421356E+00
49 65 50    1.00000000E+00
49 66 51    1.00000000E+00
49 67 52    1.00000000E+00
49 68 53    1.00000000E+00
49 69 54    1.00000000E+00
49 70 55    1.00000000E+00
50 1 50    1.00000000E+00
50 5 8    1.00000000E+00
50 8 5    1.00000000E+00
50 17 20    1.00000000E+00
50 20 17    1.00000000E+00
50 28 31    1.00000000E+00
50 31 28    1.00000000E+00
50 38 41    1.00000000E+00
50 41 38    1.00000000E+00
50 47 50    1.41421356E+00
50 48 58    1.00000000E+00
50 49 65    1.00000000E+00
50 50 1    1.00000000E+00
50 50 47    1.41421356E+00
50 50 71    1.41421356E+00
50 51 72    1.00000000E+00
50 52 73    1.00000000E+00
50 53 74    1.00000000E+00
50 54 75    1.00000000E+00
50 55 76    1.00000000E+00
50 58 48    1.00000000E+00
50 65 49    1.00000000E+00
50 71 50    1.41421356E+00
50 72 51    1.00000000E+00
50 73 52    1.00000000E+00
50 74 53    1.00000000E+00
50 75 54    1.00000000E+00
50 76 55    1.00000000E+00
51 1 51    1.00000000E+00
51 5 9    1.00000000E+00
51 9 5    1.00000000E+00
51 17 21    1.00000000E+00
51 21 17    1.00000000E+00
51 28 32    1.00000000E+00
51 32 28    1.00000000E+00
51 38 42    1.00000000E+00
51 42 38    1.00000000E+00
51 47 51    1.41421356E+00
51 48 59    1.00000000E+00
51 49 66    1.00000000E+00
51 50 72    1.00000000E+00
51 51 1    1.00000000E+00
51 51 47    1.41421356E+00
51 51 77    1.41421356E+00
51 52 78    1.00000000E+00
51 53 79    1.00000000E+00
51 54 80    1.00000000E+00
51 55 81    1.00000000E+00
51 59 48    1.00000000E+00
51 66 49    1.00000000E+00
51 72 50    1.00000000E+00
51 77 51    1.41421356E+00
51 78 52    1.00000000E+00
51 79 53    1.00000000E+00
51 80 54    1.00000000E+00
51 81 55    1.00000000E+00
52 1 52    1.00000000E+00
52 5 10    1.00000000E+00
52 10 5    1.00000000E+00
52 17 22    1.00000000E+00
52 22 17    1.00000000E+00
52 28 33    1.00000000E+00
52 33 28    1.00000000E+00
52 38 43    1.00000000E+00
52 43 38    1.00000000E+00
52 47 52    1.41421356E+00
52 48 60    1.00000000E+00
52 49 67    1.00000000E+00
52 50 73    1.00000000E+00
52 51 78    1.00000000E+00
52 52 1    1.00000000E+00
52 52 47    1.41421356E+00
52 52 82    1.41421356E+00
52 53 83    1.00000000E+00
52 54 84    1.00000000E+00
52 55 85    1.00000000E+00
52 60 48    1.00000000E+00
52 67 49    1.00000000E+00
52 73 50    1.00000000E+00
52 78 51    1.00000000E+00
52 82 52    1.41421356E+00
52 83 53    1.00000000E+00
52 84 54    1.00000000E+00
52 85 55    1.00000000E+00
53 1 53    1.00000000E+00
53 5 11    1.00000000E+00
53 11 5    1.00000000E+00
53 17 23    1.00000000E+00
53 23 17    1.00000000E+00
53 28 34    1.00000000E+00
53 34 28    1.00000000E+00
53 38 44    1.00000000E+00
53 44 38    1.00000000E+00
53 47 53    1.41421356E+00
53 48 61    1.00000000E+00
53 49 68    1.00000000E+00
53 50 74    1.00000000E+00
53 51 79    1.00000000E+00
53 52 83    1.00000000E+00
53 53 1    1.00000000E+00
53 53 47    1.41421356E+00
53 53 86    1.41421356E+00
53 54 87    1.00000000E+00
53 55 88    1.00000000E+00
53 61 48    1.00000000E+00
53 68 49    1.00000000E+00
53 74 50    1.00000000E+00
53 79 51    1.00000000E+00
53 83 52    1.00000000E+00
53 86 53    1.41421356E+00
53 87 54    1.00000000E+00
53 88 55    1.00000000E+00
54 1 54    1.00000000E+00
54 5 12    1.00000000E+00
54 12 5    1.00000000E+00
54 17 24    1.00000000E+00
54 24 17    1.00000000E+00
54 28 35    1.00000000E+00
54 35 28    1.00000000E+00
54 38 45    1.00000000E+00
54 45 38    1.00000000E+00
54 47 54    1.41421356E+00
54 48 62    1.00000000E+00
54 49 69    1.00000000E+00
54 50 75    1.00000000E+00
54 51 80    1.00000000E+00
54 52 84    1.00000000E+00
54 53 87    1.00000000E+00
54 54 1    1.00000000E+00
54 54 47    1.41421356E+00
54 54 89    1.41421356E+00
54 55 90    1.00000000E+00
54 62 48    1.00000000E+00
54 69 49    1.00000000E+00
54 75 50    1.00000000E+00
54 80 51    1.00000000E+00
54 84 52    1.00000000E+00
54 87 53    1.00000000E+00
54 89 54    1.41421356E+00
54 90 55    1.00000000E+00
55 1 55    1.00000000E+00
55 5 13    1.00000000E+00
55 13 5    1.00000000E+00
55 17 25    1.00000000E+00
55 25 17    1.00000000E+00
55 28 36    1.00000000E+00
55 36 28    1.00000000E+00
55 38 46    1.00000000E+00
55 46 38    1.00000000E+00
55 47 55    1.41421356E+00
55 48 63    1.00000000E+00
55 49 70    1.00000000E+00
55 50 76    1.00000000E+00
55 51 81    1.00000000E+00
55 52 85    1.00000000E+00
55 53 88    1.00000000E+00
55 54 90    1.00000000E+00
55 55 1    1.00000000E+00
55 55 47    1.41421356E+00
55 55 91    1.41421356E+00
55 63 48    1.00000000E+00
55 70 49    1.00000000E+00
55 76 50    1.00000000E+00
55 81 51    1.00000000E+00
55 85 52    1.00000000E+00
55 88 53    1.00000000E+00
55 90 54    1.00000000E+00
55 91 55    1.41421356E+00
56 1 56    1.00000000E+00
56 6 6    1.41421356E+00
56 18 18    1.41421356E+00
56 29 29    1.41421356E+00
56 39 39    1.41421356E+00
56 48 48    1.41421356E+00
56 56 1    1.00000000E+00
56 56 56    2.82842712E+00
56 57 57    1.41421356E+00
56 58 58    1.41421356E+00
56 59 59    1.41421356E+00
56 60 60    1.41421356E+00
56 61 61    1.41421356E+00
56 62 62    1.41421356E+00
56 63 63    1.41421356E+00
57 1 57    1.00000000E+00
57 6 7    1.00000000E+00
57 7 6    1.00000000E+00
57 18 19    1.00000000E+00
57 19 18    1.00000000E+00
57 29 30    1.00000000E+00
57 30 29    1.00000000E+00
57 39 40    1.00000000E+00
57 40 39    1.00000000E+00
57 48 49    1.00000000E+00
57 49 48    1.00000000E+00
57 56 57    1.41421356E+00
57 57 1    1.00000000E+00
57 57 56    1.41421356E+00
57 57 64    1.41421356E+00
57 58 65    1.00000000E+00
57 59 66    1.00000000E+00
57 60 67    1.00000000E+00
57 61 68    1.00000000E+00
57 62 69    1.00000000E+00
57 63 70    1.00000000E+00
57 64 57    1.41421356E+00
57 65 58    1.00000000E+00
57 66 59    1.00000000E+00
57 67 60    1.00000000E+00
57 68 61    1.00000000E+00
57 69 62    1.00000000E+00
57 70 63    1.00000000E+00
58 1 58    1.00000000E+00
58 6 8    1.00000000E+00
58 8 6    1.00000000E+00
58 18 20    1.00000000E+00
58 20 18    1.00000000E+00
58 29 31    1.00000000E+00
58 31 29    1.00000000E+00
58 39 41    1.00000000E+00
58 41 39    1.00000000E+00
58 48 50    1.00000000E+00
58 50 48    1.00000000E+00
58 56 58    1.41421356E+00
58 57 65    1.00000000E+00
58 58 1    1.00000000E+00
58 58 56    1.41421356E+00
58 58 71    1.41421356E+00
58 59 72    1.00000000E+00
58 60 73    1.00000000E+00
58 61 74    1.00000000E+00
58 62 75    1.00000000E+00
58 63 76    1.00000000E+00
58 65 57    1.00000000E+00
58 71 58    1.41421356E+00
58 72 59    1.00000000E+00
58 73 60    1.00000000E+00
58 74 61    1.00000000E+00
58 75 62    1.00000000E+00
58 76 63    1.00000000E+00
59 1 59    1.00000000E+00
59 6 9    1.00000000E+00
59 9 6    1.00000000E+00
59 18 21    1.00000000E+00
59 21 18    1.00000000E+00
59 29 32    1.00000000E+00
59 32 29    1.00000000E+00
59 39 42    1.00000000E+00
59 42 39    1.00000000E+00
59 48 51    1.00000000E+00
59 51 48    1.00000000E+00
59 56 59    1.41421356E+00
59 57 66    1.00000000E+00
59 58 72    1.00000000E+00
59 59 1    1.00000000E+00
59 59 56    1.41421356E+00
59 59 77    1.41421356E+00
59 60 78    1.00000000E+00
59 61 79    1.00000000E+00
59 62 80    1.00000000E+00
59 63 81    1.00000000E+00
59 66 57    1.00000000E+00
59 72 58    1.00000000E+00
59 77 59    1.41421356E+00
59 78 60    1.00000000E+00
59 79 61    1.00000000E+00
59 80 62    1.00000000E+00
59 81 63    1.00000000E+00
60 1 60    1.00000000E+00
60 6 10    1.00000000E+00
60 10 6    1.00000000E+00
60 18 22    1.00000000E+00
60 22 18    1.00000000E+00
60 29 33    1.00000000E+00
60 33 29    1.00000000E+00
60 39 43    1.00000000E+00
60 43 39    1.00000000E+00
60 48 52    1.00000000E+00
60 52 48    1.00000000E+00
60 56 60    1.41421356E+00
60 57 67    1.00000000E+00
60 58 73    1.00000000E+00
60 59 78    1.00000000E+00
60 60 1    1.00000000E+00
60 60 56    1.41421356E+00
60 60 82    1.41421356E+00
60 61 83    1.00000000E+00
60 62 84    1.00000000E+00
60 63 85    1.00000000E+00
60 67 57    1.00000000E+00
60 73 58    1.00000000E+00
60 78 59    1.00000000E+00
60 82 60    1.41421356E+00
60 83 61    1.00000000E+00
60 84 62    1.00000000E+00
60 85 63    1.00000000E+00
61 1 61    1.00000000E+00
61 6 11    1.00000000E+00
61 11 6    1.00000000E+00
61 18 23    1.00000000E+00
61 23 18    1.00000000E+00
61 29 34    1.00000000E+00
61 34 29    1.00000000E+00
61 39 44    1.00000000E+00
61 44 39    1.00000000E+00
61 48 53    1.00000000E+00
61 53 48    1.00000000E+00
61 56 61    1.41421356E+00
61 57 68    1.00000000E+00
61 58 74    1.00000000E+00
61 59 79    1.00000000E+00
61 60 83    1.00000000E+00
61 61 1    1.00000000E+00
61 61 56    1.41421356E+00
61 61 86    1.41421356E+00
61 62 87    1.00000000E+00
61 63 88    1.00000000E+00
61 68 57    1.00000000E+00
61 74 58    1.00000000E+00
61 79 59    1.00000000E+00
61 83 60    1.00000000E+00
61 86 61    1.41421356E+00
61 87 62    1.00000000E+00
61 88 63    1.00000000E+00
62 1 62    1.00000000E+00
62 6 12    1.00000000E+00
62 12 6    1.00000000E+00
62 18 24    1.00000000E+00
62 24 18    1.00000000E+00
62 29 35    1.00000000E+00
62 35 29    1.00000000E+00
62 39 45    1.00000000E+00
62 45 39    1.00000000E+00
62 48 54    1.00000000E+00
62 54 48    1.00000000E+00
62 56 62    1.41421356E+00
62 57 69    1.00000000E+00
62 58 75    1.00000000E+00
62 59 80    1.00000000E+00
62 60 84    1.00000000E+00
62 61 87    1.00000000E+00
62 62 1    1.00000000E+00
62 62 56    1.41421356E+00
62 62 89    1.41421356E+00
62 63 90    1.00000000E+00
62 69 57    1.00000000E+00
62 75 58    1.00000000E+00
62 80 59    1.00000000E+00
62 84 60    1.00000000E+00
62 87 61    1.00000000E+00
62 89 62    1.41421356E+00
62 90 63    1.00000000E+00
63 1 63    1.00000000E+00
63 6 13    1.00000000E+00
63 13 6    1.00000000E+00
63 18 25    1.00000000E+00
63 25 18    1.00000000E+00
63 29 36    1.00000000E+00
63 36 29    1.00000000E+00
63 39 46    1.00000000E+00
63 46 39    1.00000000E+00
63 48 55    1.00000000E+00
63 55 48    1.00000000E+00
63 56 63    1.41421356E+00
63 57 70    1.00000000E+00
63 58 76    1.00000000E+00
63 59 81    1.00000000E+00
63 60 85    1.00000000E+00
63 61 88    1.00000000E+00
63 62 90    1.00000000E+00
63 63 1    1.00000000E+00
63 63 56    1.41421356E+00
63 63 91    1.41421356E+00
63 70 57    1.00000000E+00
63 76 58    1.00000000E+00
63 81 59    1.00000000E+00
63 85 60    1.00000000E+00
63 88 61    1.00000000E+00
63 90 62    1.00000000E+00
63 91 63    1.41421356E+00
64 1 64    1.00000000E+00
64 7 7    1.41421356E+00
64 19 19    1.41421356E+00
64 30 30    1.41421356E+00
64 40 40    1.41421356E+00
64 49 49    1.41421356E+00
64 57 57    1.41421356E+00
64 64 1    1.00000000E+00
64 64 64    2.82842712E+00
64 65 65    1.41421356E+00
64 66 66    1.41421356E+00
64 67 67    1.41421356E+00
64 68 68    1.41421356E+00
64 69 69    1.41421356E+00
64 70 70    1.41421356E+00
65 1 65    1.00000000E+00
65 7 8    1.00000000E+00
65 8 7    1.00000000E+00
65 19 20    1.00000000E+00
65 20 19    1.00000000E+00
65 30 31    1.00000000E+00
65 31 30    1.00000000E+00
65 40 41    1.00000000E+00
65 41 40    1.00000000E+00
65 49 50    1.00000000E+00
65 50 49    1.00000000E+00
65 57 58    1.00000000E+00
65 58 57    1.00000000E+00
65 64 65    1.41421356E+00
65 65 1    1.00000000E+00
65 65 64    1.41421356E+00
65 65 71    1.41421356E+00
65 66 72    1.00000000E+00
65 67 73    1.00000000E+00
65 68 74    1.00000000E+00
65 69 75    1.00000000E+00
65 70 76    1.00000000E+00
65 71 65    1.41421356E+00
65 72 66    1.00000000E+00
65 73 67    1.00000000E+00
65 74 68    1.00000000E+00
65 75 69    1.00000000E+00
65 76 70    1.00000000E+00
66 1 66    1.00000000E+00
66 7 9    1.00000000E+00
66 9 7    1.00000000E+00
66 19 21    1.00000000E+00
66 21 19    1.00000000E+00
66 30 32    1.00000000E+00
66 32 30    1.00000000E+00
66 40 42    1.00000000E+00
66 42 40    1.00000000E+00
66 49 51    1.00000000E+00
66 51 49    1.00000000E+00
66 57 59    1.00000000E+00
66 59 57    1.00000000E+00
66 64 66    1.41421356E+00
66 65 72    1.00000000E+00
66 66 1    1.00000000E+00
66 66 64    1.41421356E+00
66 66 77    1.41421356E+00
66 67 78    1.00000000E+00
66 68 79    1.00000000E+00
66 69 80    1.00000000E+00
66 70 81    1.00000000E+00
66 72 65    1.00000000E+00
66 77 66    1.41421356E+00
66 78 67    1.00000000E+00
66 79 68    1.00000000E+00
66 80 69    1.00000000E+00
66 81 70    1.00000000E+00
67 1 67    1.00000000E+00
67 7 10    1.00000000E+00
67 10 7    1.00000000E+00
67 19 22    1.00000000E+00
67 22 19    1.00000000E+00
67 30 33    1.00000000E+00
67 33 30    1.00000000E+00
67 40 43    1.00000000E+00
67 43 40    1.00000000E+00
67 49 52    1.00000000E+00
67 52 49    1.00000000E+00
67 57 60    1.00000000E+00
67 60 57    1.00000000E+00
67 64 67    1.41421356E+00
67 65 73    1.00000000E+00
67 66 78    1.00000000E+00
67 67 1    1.00000000E+00
67 67 64    1.41421356E+00
67 67 82    1.41421356E+00
67 68 83    1.00000000E+00
67 69 84    1.00000000E+00
67 70 85    1.00000000E+00
67 73 65    1.00000000E+00
67 78 66    1.00000000E+00
67 82 67    1.41421356E+00
67 83 68    1.00000000E+00
67 84 69    1.00000000E+00
67 85 70    1.00000000E+00
68 1 68    1.00000000E+00
68 7 11    1.00000000E+00
68 11 7    1.00000000E+00
68 19 23    1.00000000E+00
68 23 19    1.00000000E+00
68 30 34    1.00000000E+00
68 34 30    1.00000000E+00
68 40 44    1.00000000E+00
68 44 40    1.00000000E+00
68 49 53    1.00000000E+00
68 53 49    1.00000000E+00
68 57 61    1.00000000E+00
68 61 57    1.00000000E+00
68 64 68    1.41421356E+00
68 65 74    1.00000000E+00
68 66 79    1.00000000E+00
68 67 83    1.00000000E+00
68 68 1    1.00000000E+00
68 68 64    1.41421356E+00
68 68 86    1.41421356E+00
68 69 87    1.00000000E+00
68 70 88    1.00000000E+00
68 74 65    1.00000000E+00
68 79 66    1.00000000E+00
68 83 67    1.00000000E+00
68 86 68    1.41421356E+00
68 87 69    1.00000000E+00
68 88 70    1.00000000E+00
69 1 69    1.00000000E+00
69 7 12    1.00000000E+00
69 12 7    1.00000000E+00
69 19 24    1.00000000E+00
69 24 19    1.00000000E+00
69 30 35    1.00000000E+00
69 35 30    1.00000000E+00
69 40 45    1.00000000E+00
69 45 40    1.00000000E+00
69 49 54    1.00000000E+00
69 54 49    1.00000000E+00
69 57 62    1.00000000E+00
69 62 57    1.00000000E+00
69 64 69    1.41421356E+00
69 65 75    1.00000000E+00
69 66 80    1.00000000E+00
69 67 84    1.00000000E+00
69 68 87    1.00000000E+00
69 69 1    1.00000000E+00
69 69 64    1.41421356E+00
69 69 89    1.41421356E+00
69 70 90    1.00000000E+00
69 75 65    1.00000000E+00
69 80 66    1.00000000E+00
69 84 67    1.00000000E+00
69 87 68    1.00000000E+00
69 89 69    1.41421356E+00
69 90 70    1.00000000E+00
70 1 70    1.00000000E+00
70 7 13    1.00000000E+00
70 13 7    1.00000000E+00
70 19 25    1.00000000E+00
70 25 19    1.00000000E+00
70 30 36    1.00000000E+00
70 36 30    1.00000000E+00
70 40 46    1.00000000E+00
70 46 40    1.00000000E+00
70 49 55    1.00000000E+00
70 55 49    1.00000000E+00
70 57 63    1.00000000E+00
70 63 57    1.00000000E+00
70 64 70    1.41421356E+00
70 65 76    1.00000000E+00
70 66 81    1.00000000E+00
70 67 85    1.00000000E+00
70 68 88    1.00000000E+00
70 69 90    1.00000000E+00
70 70 1    1.00000000E+00
70 70 64    1.41421356E+00
70 70 91    1.41421356E+00
70 76 65    1.00000000E+00
70 81 66    1.00000000E+00
70 85 67    1.00000000E+00
70 88 68    1.00000000E+00
70 90 69    1.00000000E+00
70 91 70    1.41421356E+00
71 1 71    1.00000000E+00
71 8 8    1.41421356E+00
71 20 20    1.41421356E+00
71 31 31    1.41421356E+00
71 41 41    1.41421356E+00
71 50 50    1.41421356E+00
71 58 58    1.41421356E+00
71 65 65    1.41421356E+00
71 71 1    1.00000000E+00
71 71 71    2.82842712E+00
71 72 72    1.41421356E+00
71 73 73    1.41421356E+00
71 74 74    1.41421356E+00
71 75 75    1.41421356E+00
71 76 76    1.41421356E+00
72 1 72    1.00000000E+00
72 8 9    1.00000000E+00
72 9 8    1.00000000E+00
72 20 21    1.00000000E+00
72 21 20    1.00000000E+00
72 31 32    1.00000000E+00
72 32 31    1.00000000E+00
72 41 42    1.00000000E+00
72 42 41    1.00000000E+00
72 50 51    1.00000000E+00
72 51 50    1.00000000E+00
72 58 59    1.00000000E+00
72 59 58    1.00000000E+00
72 65 66    1.00000000E+00
72 66 65    1.00000000E+00
72 71 72    1.41421356E+00
72 72 1    1.00000000E+00
72 72 71    1.41421356E+00
72 72 77    1.41421356E+00
72 73 78    1.00000000E+00
72 74 79    1.00000000E+00
72 75 80    1.00000000E+00
72 76 81    1.00000000E+00
72 77 72    1.41421356E+00
72 78 73    1.00000000E+00
72 79 74    1.00000000E+00
72 80 75    1.00000000E+00
72 81 76    1.00000000E+00
73 1 73    1.00000000E+00
73 8 10    1.00000000E+00
73 10 8    1.00000000E+00
73 20 22    1.00000000E+00
73 22 20    1.00000000E+00
73 31 33    1.00000000E+00
73 33 31    1.00000000E+00
73 41 43    1.00000000E+00
73 43 41    1.00000000E+00
73 50 52    1.00000000E+00
73 52 50    1.00000000E+00
73 58 60    1.00000000E+00
73 60 58    1.00000000E+00
73 65 67    1.00000000E+00
73 67 65    1.00000000E+00
73 71 73    1.41421356E+00
73 72 78    1.00000000E+00
73 73 1    1.00000000E+00
73 73 71    1.41421356E+00
73 73 82    1.41421356E+00
73 74 83    1.00000000E+00
73 75 84    1.00000000E+00
73 76 85    1.00000000E+00
73 78 72    1.00000000E+00
73 82 73    1.41421356E+00
73 83 74    1.00000000E+00
73 84 75    1.00000000E+00
73 85 76    1.00000000E+00
74 1 74    1.00000000E+00
74 8 11    1.00000000E+00
74 11 8    1.00000000E+00
74 20 23    1.00000000E+00
74 23 20    1.00000000E+00
74 31 34    1.00000000E+00
74 34 31    1.00000000E+00
74 41 44    1.00000000E+00
74 44 41    1.00000000E+00
74 50 53    1.00000000E+00
74 53 50    1.00000000E+00
74 58 61    1.00000000E+00
74 61 58    1.00000000E+00
74 65 68    1.00000000E+00
74 68 65    1.00000000E+00
74 71 74    1.41421356E+00
74 72 79    1.00000000E+00
74 73 83    1.00000000E+00
74 74 1    1.00000000E+00
74 74 71    1.41421356E+00
74 74 86    1.41421356E+00
74 75 87    1.00000000E+00
74 76 88    1.00000000E+00
74 79 72    1.00000000E+00
74 83 73    1.00000000E+00
74 86 74    1.41421356E+00
74 87 75    1.00000000E+00
74 88 76    1.00000000E+00
75 1 75    1.00000000E+00
75 8 12    1.00000000E+00
75 12 8    1.00000000E+00
75 20 24    1.00000000E+00
75 24 20    1.00000000E+00
75 31 35    1.00000000E+00
75 35 31    1.00000000E+00
75 41 45    1.00000000E+00
75 45 41    1.00000000E+00
75 50 54    1.00000000E+00
75 54 50    1.00000000E+00
75 58 62    1.00000000E+00
75 62 58    1.00000000E+00
75 65 69    1.00000000E+00
75 69 65    1.00000000E+00
75 71 75    1.41421356E+00
75 72 80    1.00000000E+00
75 73 84    1.00000000E+00
75 74 87    1.00000000E+00
75 75 1    1.00000000E+00
75 75 71    1.41421356E+00
75 75 89    1.41421356E+00
75 76 90    1.00000000E+00
75 80 72    1.00000000E+00
75 84 73    1.00000000E+00
75 87 74    1.00000000E+00
75 89 75    1.41421356E+00
75 90 76    1.00000000E+00
76 1 76    1.00000000E+00
76 8 13    1.00000000E+00
76 13 8    1.00000000E+00
76 20 25    1.00000000E+00
76 25 20    1.00000000E+00
76 31 36    1.00000000E+00
76 36 31    1.00000000E+00
76 41 46    1.00000000E+00
76 46 41    1.00000000E+00
76 50 55    1.00000000E+00
76 55 50    1.00000000E+00
76 58 63    1.00000000E+00
76 63 58    1.00000000E+00
76 65 70    1.00000000E+00
76 70 65    1.00000000E+00
76 71 76    1.41421356E+00
76 72 81    1.00000000E+00
76 73 85    1.00000000E+00
76 74 88    1.00000000E+00
76 75 90    1.00000000E+00
76 76 1    1.00000000E+00
76 76 71    1.41421356E+00
76 76 91    1.41421356E+00
76 81 72    1.00000000E+00
76 85 73    1.00000000E+00
76 88 74    1.00000000E+00
76 90 75    1.00000000E+00
76 91 76    1.41421356E+00
77 1 77    1.00000000E+00
77 9 9    1.41421356E+00
77 21 21    1.41421356E+00
77 32 32    1.41421356E+00
77 42 42    1.41421356E+00
77 51 51    1.41421356E+00
77 59 59    1.41421356E+00
77 66 66    1.41421356E+00
77 72 72    1.41421356E+00
77 77 1    1.00000000E+00
77 77 77    2.82842712E+00
77 78 78    1.41421356E+00
77 79 79    1.41421356E+00
77 80 80    1.41421356E+00
77 81 81    1.41421356E+00
78 1 78    1.00000000E+00
78 9 10    1.00000000E+00
78 10 9    1.00000000E+00
78 21 22    1.00000000E+00
78 22 21    1.00000000E+00
78 32 33    1.00000000E+00
78 33 32    1.00000000E+00
78 42 43    1.00000000E+00
78 43 42    1.00000000E+00
78 51 52    1.00000000E+00
78 52 51    1.00000000E+00
78 59 60    1.00000000E+00
78 60 59    1.00000000E+00
78 66 67    1.00000000E+00
78 67 66    1.00000000E+00
78 72 73    1.00000000E+00
78 73 72    1.00000000E+00
78 77 78    1.41421356E+00
78 78 1    1.00000000E+00
78 78 77    1.41421356E+00
78 78 82    1.41421356E+00
78 79 83    1.00000000E+00
78 80 84    1.00000000E+00
78 81 85    1.00000000E+00
78 82 78    1.41421356E+00
78 83 79    1.00000000E+00
78 84 80    1.00000000E+00
78 85 81    1.00000000E+00
79 1 79    1.00000000E+00
79 9 11    1.00000000E+00
79 11 9    1.00000000E+00
79 21 23    1.00000000E+00
79 23 21    1.00000000E+00
79 32 34    1.00000000E+00
79 34 32    1.00000000E+00
79 42 44    1.00000000E+00
79 44 42    1.00000000E+00
79 51 53    1.00000000E+00
79 53 51    1.00000000E+00
79 59 61    1.00000000E+00
79 61 59    1.00000000E+00
79 66 68    1.00000000E+00
79 68 66    1.00000000E+00
79 72 74    1.00000000E+00
79 74 72    1.00000000E+00
79 77 79    1.41421356E+00
79 78 83    1.00000000E+00
79 79 1    1.00000000E+00
79 79 77    1.41421356E+00
79 79 86    1.41421356E+00
79 80 87    1.00000000E+00
79 81 88    1.00000000E+00
79 83 78    1.00000000E+00
79 86 79    1.41421356E+00
79 87 80    1.00000000E+00
79 88 81    1.00000000E+00
80 1 80    1.00000000E+00
80 9 12    1.00000000E+00
80 12 9    1.00000000E+00
80 21 24    1.00000000E+00
80 24 21    1.00000000E+00
80 32 35    1.00000000E+00
80 35 32    1.00000000E+00
80 42 45    1.00000000E+00
80 45 42    1.00000000E+00
80 51 54    1.00000000E+00
80 54 51    1.00000000E+00
80 59 62    1.00000000E+00
80 62 59    1.00000000E+00
80 66 69    1.00000000E+00
80 69 66    1.00000000E+00
80 72 75    1.00000000E+00
80 75 72    1.00000000E+00
80 77 80    1.41421356E+00
80 78 84    1.00000000E+00
80 79 87    1.00000000E+00
80 80 1    1.00000000E+00
80 80 77    1.41421356E+00
80 80 89    1.41421356E+00
80 81 90    1.00000000E+00
80 84 78    1.00000000E+00
80 87 79    1.00000000E+00
80 89 80    1.41421356E+00
80 90 81    1.00000000E+00
81 1 81    1.00000000E+00
81 9 13    1.00000000E+00
81 13 9    1.00000000E+00
81 21 25    1.00000000E+00
81 25 21    1.00000000E+00
81 32 36    1.00000000E+00
81 36 32    1.00000000E+00
81 42 46    1.00000000E+00
81 46 42    1.00000000E+00
81 51 55    1.00000000E+00
81 55 51    1.00000000E+00
81 59 63    1.00000000E+00
81 63 59    1.00000000E+00
81 66 70    1.00000000E+00
81 70 66    1.00000000E+00
81 72 76    1.00000000E+00
81 76 72    1.00000000E+00
81 77 81    1.41421356E+00
81 78 85    1.00000000E+00
81 79 88    1.00000000E+00
81 80 90    1.00000000E+00
81 81 1    1.00000000E+00
81 81 77    1.41421356E+00
81 81 91    1.41421356E+00
81 85 78    1.00000000E+00
81 88 79    1.00000000E+00
81 90 80    1.00000000E+00
81 91 81    1.41421356E+00
82 1 82    1.00000000E+00
82 10 10    1.41421356E+00
82 22 22    1.41421356E+00
82 33 33    1.41421356E+00
82 43 43    1.41421356E+00
82 52 52    1.41421356E+00
82 60 60    1.41421356E+00
82 67 67    1.41421356E+00
82 73 73    1.41421356E+00
82 78 78    1.41421356E+00
82 82 1    1.00000000E+00
82 82 82    2.82842712E+00
82 83 83    1.41421356E+00
82 84 84    1.41421356E+00
82 85 85    1.41421356E+00
83 1 83    1.00000000E+00
83 10 11    1.00000000E+00
83 11 10    1.00000000E+00
83 22 23    1.00000000E+00
83 23 22    1.00000000E+00
83 33 34    1.00000000E+00
83 34 33    1.00000000E+00
83 43 44    1.00000000E+00
83 44 43    1.00000000E+00
83 52 53    1.00000000E+00
83 53 52    1.00000000E+00
83 60 61    1.00000000E+00
83 61 60    1.00000000E+00
83 67 68    1.00000000E+00
83 68 67    1.00000000E+00
83 73 74    1.00000000E+00
83 74 73    1.00000000E+00
83 78 79    1.00000000E+00
83 79 78    1.00000000E+00
83 82 83    1.41421356E+00
83 83 1    1.00000000E+00
83 83 82    1.41421356E+00
83 83 86    1.41421356E+00
83 84 87    1.00000000E+00
83 85 88    1.00000000E+00
83 86 83    1.41421356E+00
83 87 84    1.00000000E+00
83 88 85    1.00000000E+00
84 1 84    1.00000000E+00
84 10 12    1.00000000E+00
84 12 10    1.00000000E+00
84 22 24    1.00000000E+00
84 24 22    1.00000000E+00
84 33 35    1.00000000E+00
84 35 33    1.00000000E+00
84 43 45    1.00000000E+00
84 45 43    1.00000000E+00
84 52 54    1.00000000E+00
84 54 52    1.00000000E+00
84 60 62    1.00000000E+00
84 62 60    1.00000000E+00
84 67 69    1.00000000E+00
84 69 67    1.00000000E+00
84 73 75    1.00000000E+00
84 75 73    1.00000000E+00
84 78 80    1.00000000E+00
84 80 78    1.00000000E+00
84 82 84    1.41421356E+00
84 83 87    1.00000000E+00
84 84 1    1.00000000E+00
84 84 82    1.41421356E+00
84 84 89    1.41421356E+00
84 85 90    1.00000000E+00
84 87 83    1.00000000E+00
84 89 84    1.41421356E+00
84 90 85    1.00000000E+00
85 1 85    1.00000000E+00
85 10 13    1.00000000E+00
85 13 10    1.00000000E+00
85 22 25    1.00000000E+00
85 25 22    1.00000000E+00
85 33 36    1.00000000E+00
85 36 33    1.00000000E+00
85 43 46    1.00000000E+00
85 46 43    1.00000000E+00
85 52 55    1.00000000E+00
85 55 52    1.00000000E+00
85 60 63    1.00000000E+00
85 63 60    1.00000000E+00
85 67 70    1.00000000E+00
85 70 67    1.00000000E+00
85 73 76    1.00000000E+00
85 76 73    1.00000000E+00
85 78 81    1.00000000E+00
85 81 78    1.00000000E+00
85 82 85    1.41421356E+00
85 83 88    1.00000000E+00
85 84 90    1.00000000E+00
85 85 1    1.00000000E+00
85 85 82    1.41421356E+00
85 85 91    1.41421356E+00
85 88 83    1.00000000E+00
85 90 84    1.00000000E+00
85 91 85    1.41421356E+00
86 1 86    1.00000000E+00
86 11 11    1.41421356E+00
86 23 23    1.41421356E+00
86 34 34    1.41421356E+00
86 44 44    1.41421356E+00
86 53 53    1.41421356E+00
86 61 61    1.41421356E+00
86 68 68    1.41421356E+00
86 74 74    1.41421356E+00
86 79 79    1.41421356E+00
86 83 83    1.41421356E+00
86 86 1    1.00000000E+00
86 86 86    2.82842712E+00
86 87 87    1.41421356E+00
86 88 88    1.41421356E+00
87 1 87    1.00000000E+00
87 11 12    1.00000000E+00
87 12 11    1.00000000E+00
87 23 24    1.00000000E+00
87 24 23    1.00000000E+00
87 34 35    1.00000000E+00
87 35 34    1.00000000E+00
87 44 45    1.00000000E+00
87 45 44    1.00000000E+00
87 53 54    1.00000000E+00
87 54 53    1.00000000E+00
87 61 62    1.00000000E+00
87 62 61    1.00000000E+00
87 68 69    1.00000000E+00
87 69 68    1.00000000E+00
87 74 75    1.00000000E+00
87 75 74    1.00000000E+00
87 79 80    1.00000000E+00
87 80 79    1.00000000E+00
87 83 84    1.00000000E+00
87 84 83    1.00000000E+00
87 86 87    1.41421356E+00
87 87 1    1.00000000E+00
87 87 86    1.41421356E+00
87 87 89    1.41421356E+00
87 88 90    1.00000000E+00
87 89 87    1.41421356E+00
87 90 88    1.00000000E+00
88 1 88    1.00000000E+00
88 11 13    1.00000000E+00
88 13 11    1.00000000E+00
88 23 25    1.00000000E+00
88 25 23    1.00000000E+00
88 34 36    1.00000000E+00
88 36 34    1.00000000E+00
88 44 46    1.00000000E+00
88 46 44    1.00000000E+00
88 53 55    1.00000000E+00
88 55 53    1.00000000E+00
88 61 63    1.00000000E+00
88 63 61    1.00000000E+00
88 68 70    1.00000000E+00
88 70 68    1.00000000E+00
88 74 76    1.00000000E+00
88 76 74    1.00000000E+00
88 79 81    1.00000000E+00
88 81 79    1.00000000E+00
88 83 85    1.00000000E+00
88 85 83    1.00000000E+00
88 86 88    1.41421356E+00
88 87 90    1.00000000E+00
88 88 1    1.00000000E+00
88 88 86    1.41421356E+00
88 88 91    1.41421356E+00
88 90 87    1.00000000E+00
88 91 88    1.41421356E+00
89 1 89    1.00000000E+00
89 12 12    1.41421356E+00
89 24 24    1.41421356E+00
89 35 35    1.41421356E+00
89 45 45    1.41421356E+00
89 54 54    1.41421356E+00
89 62 62    1.41421356E+00
89 69 69    1.41421356E+00
89 75 75    1.41421356E+00
89 80 80    1.41421356E+00
89 84 84    1.41421356E+00
89 87 87    1.41421356E+00
89 89 1    1.00000000E+00
89 89 89    2.82842712E+00
89 90 90    1.41421356E+00
90 1 90    1.00000000E+00
90 12 13    1.00000000E+00
90 13 12    1.00000000E+00
90 24 25    1.00000000E+00
90 25 24    1.00000000E+00
90 35 36    1.00000000E+00
90 36 35    1.00000000E+00
90 45 46    1.00000000E+00
90 46 45    1.00000000E+00
90 54 55    1.00000000E+00
90 55 54    1.00000000E+00
90 62 63    1.00000000E+00
90 63 62    1.00000000E+00
90 69 70    1.00000000E+00
90 70 69    1.00000000E+00
90 75 76    1.00000000E+00
90 76 75    1.00000000E+00
90 80 81    1.00000000E+00
90 81 80    1.00000000E+00
90 84 85    1.00000000E+00
90 85 84    1.00000000E+00
90 87 88    1.00000000E+00
90 88 87    1.00000000E+00
90 89 90    1.41421356E+00
90 90 1    1.00000000E+00
90 90 89    1.41421356E+00
90 90 91    1.41421356E+00
90 91 90    1.41421356E+00
91 1 91    1.00000000E+00
91 13 13    1.41421356E+00
91 25 25    1.41421356E+00
91 36 36    1.41421356E+00
91 46 46    1.41421356E+00
91 55 55    1.41421356E+00
91 63 63    1.41421356E+00
91 70 70    1.41421356E+00
91 76 76    1.41421356E+00
91 81 81    1.41421356E+00
91 85 85    1.41421356E+00
91 88 88    1.41421356E+00
91 90 90    1.41421356E+00
91 91 1    1.00000000E+00
91 91 91    2.82842712E+00
