2716
1 1 1    1.00000000E+00
1 2 2    1.00000000E+00
1 3 3    1.00000000E+00
1 4 4    1.00000000E+00
1 5 5    1.00000000E+00
1 6 6    1.00000000E+00
1 7 7    1.00000000E+00
1 8 8    1.00000000E+00
1 9 9    1.00000000E+00
1 10 10    1.00000000E+00
1 11 11    1.00000000E+00
1 12 12    1.00000000E+00
1 13 13    1.00000000E+00
1 14 14    1.00000000E+00
1 15 15    1.00000000E+00
1 16 16    1.00000000E+00
1 17 17    1.00000000E+00
1 18 18    1.00000000E+00
1 19 19    1.00000000E+00
1 20 20    1.00000000E+00
1 21 21    1.00000000E+00
1 22 22    1.00000000E+00
1 23 23    1.00000000E+00
1 24 24    1.00000000E+00
1 25 25    1.00000000E+00
1 26 26    1.00000000E+00
1 27 27    1.00000000E+00
1 28 28    1.00000000E+00
1 29 29    1.00000000E+00
1 30 30    1.00000000E+00
1 31 31    1.00000000E+00
1 32 32    1.00000000E+00
1 33 33    1.00000000E+00
1 34 34    1.00000000E+00
1 35 35    1.00000000E+00
1 36 36    1.00000000E+00
1 37 37    1.00000000E+00
1 38 38    1.00000000E+00
1 39 39    1.00000000E+00
1 40 40    1.00000000E+00
1 41 41    1.00000000E+00
1 42 42    1.00000000E+00
1 43 43    1.00000000E+00
1 44 44    1.00000000E+00
1 45 45    1.00000000E+00
1 46 46    1.00000000E+00
1 47 47    1.00000000E+00
1 48 48    1.00000000E+00
1 49 49    1.00000000E+00
1 50 50    1.00000000E+00
1 51 51    1.00000000E+00
1 52 52    1.00000000E+00
1 53 53    1.00000000E+00
1 54 54    1.00000000E+00
1 55 55    1.00000000E+00
1 56 56    1.00000000E+00
1 57 57    1.00000000E+00
1 58 58    1.00000000E+00
1 59 59    1.00000000E+00
1 60 60    1.00000000E+00
1 61 61    1.00000000E+00
1 62 62    1.00000000E+00
1 63 63    1.00000000E+00
1 64 64    1.00000000E+00
1 65 65    1.00000000E+00
1 66 66    1.00000000E+00
1 67 67    1.00000000E+00
1 68 68    1.00000000E+00
1 69 69    1.00000000E+00
1 70 70    1.00000000E+00
1 71 71    1.00000000E+00
1 72 72    1.00000000E+00
1 73 73    1.00000000E+00
1 74 74    1.00000000E+00
1 75 75    1.00000000E+00
1 76 76    1.00000000E+00
1 77 77    1.00000000E+00
1 78 78    1.00000000E+00
1 79 79    1.00000000E+00
1 80 80    1.00000000E+00
1 81 81    1.00000000E+00
1 82 82    1.00000000E+00
1 83 83    1.00000000E+00
1 84 84    1.00000000E+00
1 85 85    1.00000000E+00
1 86 86    1.00000000E+00
1 87 87    1.00000000E+00
1 88 88    1.00000000E+00
1 89 89    1.00000000E+00
1 90 90    1.00000000E+00
1 91 91    1.00000000E+00
1 92 92    1.00000000E+00
1 93 93    1.00000000E+00
1 94 94    1.00000000E+00
1 95 95    1.00000000E+00
1 96 96    1.00000000E+00
1 97 97    1.00000000E+00
1 98 98    1.00000000E+00
1 99 99    1.00000000E+00
1 100 100    1.00000000E+00
1 101 101    1.00000000E+00
1 102 102    1.00000000E+00
1 103 103    1.00000000E+00
1 104 104    1.00000000E+00
1 105 105    1.00000000E+00
1 106 106    1.00000000E+00
1 107 107    1.00000000E+00
1 108 108    1.00000000E+00
1 109 109    1.00000000E+00
1 110 110    1.00000000E+00
1 111 111    1.00000000E+00
1 112 112    1.00000000E+00
1 113 113    1.00000000E+00
1 114 114    1.00000000E+00
1 115 115    1.00000000E+00
1 116 116    1.00000000E+00
1 117 117    1.00000000E+00
1 118 118    1.00000000E+00
1 119 119    1.00000000E+00
1 120 120    1.00000000E+00
1 121 121    1.00000000E+00
1 122 122    1.00000000E+00
1 123 123    1.00000000E+00
1 124 124    1.00000000E+00
1 125 125    1.00000000E+00
1 126 126    1.00000000E+00
2 1 2    1.00000000E+00
2 2 1    1.00000000E+00
2 2 7    1.41421356E+00
2 3 8    1.00000000E+00
2 4 9    1.00000000E+00
2 5 10    1.00000000E+00
2 6 11    1.00000000E+00
2 7 2    1.41421356E+00
2 7 22    1.73205081E+00
2 8 3    1.00000000E+00
2 8 23    1.41421356E+00
2 9 4    1.00000000E+00
2 9 24    1.41421356E+00
2 10 5    1.00000000E+00
2 10 25    1.41421356E+00
2 11 6    1.00000000E+00
2 11 26    1.41421356E+00
2 12 27    1.00000000E+00
2 13 28    1.00000000E+00
2 14 29    1.00000000E+00
2 15 30    1.00000000E+00
2 16 31    1.00000000E+00
2 17 32    1.00000000E+00
2 18 33    1.00000000E+00
2 19 34    1.00000000E+00
2 20 35    1.00000000E+00
2 21 36    1.00000000E+00
2 22 7    1.73205081E+00
2 22 57    2.00000000E+00
2 23 8    1.41421356E+00
2 23 58    1.73205081E+00
2 24 9    1.41421356E+00
2 24 59    1.73205081E+00
2 25 10    1.41421356E+00
2 25 60    1.73205081E+00
2 26 11    1.41421356E+00
2 26 61    1.73205081E+00
2 27 12    1.00000000E+00
2 27 62    1.41421356E+00
2 28 13    1.00000000E+00
2 28 63    1.41421356E+00
2 29 14    1.00000000E+00
2 29 64    1.41421356E+00
2 30 15    1.00000000E+00
2 30 65    1.41421356E+00
2 31 16    1.00000000E+00
2 31 66    1.41421356E+00
2 32 17    1.00000000E+00
2 32 67    1.41421356E+00
2 33 18    1.00000000E+00
2 33 68    1.41421356E+00
2 34 19    1.00000000E+00
2 34 69    1.41421356E+00
2 35 20    1.00000000E+00
2 35 70    1.41421356E+00
2 36 21    1.00000000E+00
2 36 71    1.41421356E+00
2 37 72    1.00000000E+00
2 38 73    1.00000000E+00
2 39 74    1.00000000E+00
2 40 75    1.00000000E+00
2 41 76    1.00000000E+00
2 42 77    1.00000000E+00
2 43 78    1.00000000E+00
2 44 79    1.00000000E+00
2 45 80    1.00000000E+00
2 46 81    1.00000000E+00
2 47 82    1.00000000E+00
2 48 83    1.00000000E+00
2 49 84    1.00000000E+00
2 50 85    1.00000000E+00
2 51 86    1.00000000E+00
2 52 87    1.00000000E+00
2 53 88    1.00000000E+00
2 54 89    1.00000000E+00
2 55 90    1.00000000E+00
2 56 91    1.00000000E+00
2 57 22    2.00000000E+00
2 58 23    1.73205081E+00
2 59 24    1.73205081E+00
2 60 25    1.73205081E+00
2 61 26    1.73205081E+00
2 62 27    1.41421356E+00
2 63 28    1.41421356E+00
2 64 29    1.41421356E+00
2 65 30    1.41421356E+00
2 66 31    1.41421356E+00
2 67 32    1.41421356E+00
2 68 33    1.41421356E+00
2 69 34    1.41421356E+00
2 70 35    1.41421356E+00
2 71 36    1.41421356E+00
2 72 37    1.00000000E+00
2 73 38    1.00000000E+00
2 74 39    1.00000000E+00
2 75 40    1.00000000E+00
2 76 41    1.00000000E+00
2 77 42    1.00000000E+00
2 78 43    1.00000000E+00
2 79 44    1.00000000E+00
2 80 45    1.00000000E+00
2 81 46    1.00000000E+00
2 82 47    1.00000000E+00
2 83 48    1.00000000E+00
2 84 49    1.00000000E+00
2 85 50    1.00000000E+00
2 86 51    1.00000000E+00
2 87 52    1.00000000E+00
2 88 53    1.00000000E+00
2 89 54    1.00000000E+00
2 90 55    1.00000000E+00
2 91 56    1.00000000E+00
3 1 3    1.00000000E+00
3 2 8    1.00000000E+00
3 3 1    1.00000000E+00
3 3 12    1.41421356E+00
3 4 13    1.00000000E+00
3 5 14    1.00000000E+00
3 6 15    1.00000000E+00
3 7 23    1.00000000E+00
3 8 2    1.00000000E+00
3 8 27    1.41421356E+00
3 9 28    1.00000000E+00
3 10 29    1.00000000E+00
3 11 30    1.00000000E+00
3 12 3    1.41421356E+00
3 12 37    1.73205081E+00
3 13 4    1.00000000E+00
3 13 38    1.41421356E+00
3 14 5    1.00000000E+00
3 14 39    1.41421356E+00
3 15 6    1.00000000E+00
3 15 40    1.41421356E+00
3 16 41    1.00000000E+00
3 17 42    1.00000000E+00
3 18 43    1.00000000E+00
3 19 44    1.00000000E+00
3 20 45    1.00000000E+00
3 21 46    1.00000000E+00
3 22 58    1.00000000E+00
3 23 7    1.00000000E+00
3 23 62    1.41421356E+00
3 24 63    1.00000000E+00
3 25 64    1.00000000E+00
3 26 65    1.00000000E+00
3 27 8    1.41421356E+00
3 27 72    1.73205081E+00
3 28 9    1.00000000E+00
3 28 73    1.41421356E+00
3 29 10    1.00000000E+00
3 29 74    1.41421356E+00
3 30 11    1.00000000E+00
3 30 75    1.41421356E+00
3 31 76    1.00000000E+00
3 32 77    1.00000000E+00
3 33 78    1.00000000E+00
3 34 79    1.00000000E+00
3 35 80    1.00000000E+00
3 36 81    1.00000000E+00
3 37 12    1.73205081E+00
3 37 92    2.00000000E+00
3 38 13    1.41421356E+00
3 38 93    1.73205081E+00
3 39 14    1.41421356E+00
3 39 94    1.73205081E+00
3 40 15    1.41421356E+00
3 40 95    1.73205081E+00
3 41 16    1.00000000E+00
3 41 96    1.41421356E+00
3 42 17    1.00000000E+00
3 42 97    1.41421356E+00
3 43 18    1.00000000E+00
3 43 98    1.41421356E+00
3 44 19    1.00000000E+00
3 44 99    1.41421356E+00
3 45 20    1.00000000E+00
3 45 100    1.41421356E+00
3 46 21    1.00000000E+00
3 46 101    1.41421356E+00
3 47 102    1.00000000E+00
3 48 103    1.00000000E+00
3 49 104    1.00000000E+00
3 50 105    1.00000000E+00
3 51 106    1.00000000E+00
3 52 107    1.00000000E+00
3 53 108    1.00000000E+00
3 54 109    1.00000000E+00
3 55 110    1.00000000E+00
3 56 111    1.00000000E+00
3 58 22    1.00000000E+00
3 62 23    1.41421356E+00
3 63 24    1.00000000E+00
3 64 25    1.00000000E+00
3 65 26    1.00000000E+00
3 72 27    1.73205081E+00
3 73 28    1.41421356E+00
3 74 29    1.41421356E+00
3 75 30    1.41421356E+00
3 76 31    1.00000000E+00
3 77 32    1.00000000E+00
3 78 33    1.00000000E+00
3 79 34    1.00000000E+00
3 80 35    1.00000000E+00
3 81 36    1.00000000E+00
3 92 37    2.00000000E+00
3 93 38    1.73205081E+00
3 94 39    1.73205081E+00
3 95 40    1.73205081E+00
3 96 41    1.41421356E+00
3 97 42    1.41421356E+00
3 98 43    1.41421356E+00
3 99 44    1.41421356E+00
3 100 45    1.41421356E+00
3 101 46    1.41421356E+00
3 102 47    1.00000000E+00
3 103 48    1.00000000E+00
3 104 49    1.00000000E+00
3 105 50    1.00000000E+00
3 106 51    1.00000000E+00
3 107 52    1.00000000E+00
3 108 53    1.00000000E+00
3 109 54    1.00000000E+00
3 110 55    1.00000000E+00
3 111 56    1.00000000E+00
4 1 4    1.00000000E+00
4 2 9    1.00000000E+00
4 3 13    1.00000000E+00
4 4 1    1.00000000E+00
4 4 16    1.41421356E+00
4 5 17    1.00000000E+00
4 6 18    1.00000000E+00
4 7 24    1.00000000E+00
4 8 28    1.00000000E+00
4 9 2    1.00000000E+00
4 9 31    1.41421356E+00
4 10 32    1.00000000E+00
4 11 33    1.00000000E+00
4 12 38    1.00000000E+00
4 13 3    1.00000000E+00
4 13 41    1.41421356E+00
4 14 42    1.00000000E+00
4 15 43    1.00000000E+00
4 16 4    1.41421356E+00
4 16 47    1.73205081E+00
4 17 5    1.00000000E+00
4 17 48    1.41421356E+00
4 18 6    1.00000000E+00
4 18 49    1.41421356E+00
4 19 50    1.00000000E+00
4 20 51    1.00000000E+00
4 21 52    1.00000000E+00
4 22 59    1.00000000E+00
4 23 63    1.00000000E+00
4 24 7    1.00000000E+00
4 24 66    1.41421356E+00
4 25 67    1.00000000E+00
4 26 68    1.00000000E+00
4 27 73    1.00000000E+00
4 28 8    1.00000000E+00
4 28 76    1.41421356E+00
4 29 77    1.00000000E+00
4 30 78    1.00000000E+00
4 31 9    1.41421356E+00
4 31 82    1.73205081E+00
4 32 10    1.00000000E+00
4 32 83    1.41421356E+00
4 33 11    1.00000000E+00
4 33 84    1.41421356E+00
4 34 85    1.00000000E+00
4 35 86    1.00000000E+00
4 36 87    1.00000000E+00
4 37 93    1.00000000E+00
4 38 12    1.00000000E+00
4 38 96    1.41421356E+00
4 39 97    1.00000000E+00
4 40 98    1.00000000E+00
4 41 13    1.41421356E+00
4 41 102    1.73205081E+00
4 42 14    1.00000000E+00
4 42 103    1.41421356E+00
4 43 15    1.00000000E+00
4 43 104    1.41421356E+00
4 44 105    1.00000000E+00
4 45 106    1.00000000E+00
4 46 107    1.00000000E+00
4 47 16    1.73205081E+00
4 47 112    2.00000000E+00
4 48 17    1.41421356E+00
4 48 113    1.73205081E+00
4 49 18    1.41421356E+00
4 49 114    1.73205081E+00
4 50 19    1.00000000E+00
4 50 115    1.41421356E+00
4 51 20    1.00000000E+00
4 51 116    1.41421356E+00
4 52 21    1.00000000E+00
4 52 117    1.41421356E+00
4 53 118    1.00000000E+00
4 54 119    1.00000000E+00
4 55 120    1.00000000E+00
4 56 121    1.00000000E+00
4 59 22    1.00000000E+00
4 63 23    1.00000000E+00
4 66 24    1.41421356E+00
4 67 25    1.00000000E+00
4 68 26    1.00000000E+00
4 73 27    1.00000000E+00
4 76 28    1.41421356E+00
4 77 29    1.00000000E+00
4 78 30    1.00000000E+00
4 82 31    1.73205081E+00
4 83 32    1.41421356E+00
4 84 33    1.41421356E+00
4 85 34    1.00000000E+00
4 86 35    1.00000000E+00
4 87 36    1.00000000E+00
4 93 37    1.00000000E+00
4 96 38    1.41421356E+00
4 97 39    1.00000000E+00
4 98 40    1.00000000E+00
4 102 41    1.73205081E+00
4 103 42    1.41421356E+00
4 104 43    1.41421356E+00
4 105 44    1.00000000E+00
4 106 45    1.00000000E+00
4 107 46    1.00000000E+00
4 112 47    2.00000000E+00
4 113 48    1.73205081E+00
4 114 49    1.73205081E+00
4 115 50    1.41421356E+00
4 116 51    1.41421356E+00
4 117 52    1.41421356E+00
4 118 53    1.00000000E+00
4 119 54    1.00000000E+00
4 120 55    1.00000000E+00
4 121 56    1.00000000E+00
5 1 5    1.00000000E+00
5 2 10    1.00000000E+00
5 3 14    1.00000000E+00
5 4 17    1.00000000E+00
5 5 1    1.00000000E+00
5 5 19    1.41421356E+00
5 6 20    1.00000000E+00
5 7 25    1.00000000E+00
5 8 29    1.00000000E+00
5 9 32    1.00000000E+00
5 10 2    1.00000000E+00
5 10 34    1.41421356E+00
5 11 35    1.00000000E+00
5 12 39    1.00000000E+00
5 13 42    1.00000000E+00
5 14 3    1.00000000E+00
5 14 44    1.41421356E+00
5 15 45    1.00000000E+00
5 16 48    1.00000000E+00
5 17 4    1.00000000E+00
5 17 50    1.41421356E+00
5 18 51    1.00000000E+00
5 19 5    1.41421356E+00
5 19 53    1.73205081E+00
5 20 6    1.00000000E+00
5 20 54    1.41421356E+00
5 21 55    1.00000000E+00
5 22 60    1.00000000E+00
5 23 64    1.00000000E+00
5 24 67    1.00000000E+00
5 25 7    1.00000000E+00
5 25 69    1.41421356E+00
5 26 70    1.00000000E+00
5 27 74    1.00000000E+00
5 28 77    1.00000000E+00
5 29 8    1.00000000E+00
5 29 79    1.41421356E+00
5 30 80    1.00000000E+00
5 31 83    1.00000000E+00
5 32 9    1.00000000E+00
5 32 85    1.41421356E+00
5 33 86    1.00000000E+00
5 34 10    1.41421356E+00
5 34 88    1.73205081E+00
5 35 11    1.00000000E+00
5 35 89    1.41421356E+00
5 36 90    1.00000000E+00
5 37 94    1.00000000E+00
5 38 97    1.00000000E+00
5 39 12    1.00000000E+00
5 39 99    1.41421356E+00
5 40 100    1.00000000E+00
5 41 103    1.00000000E+00
5 42 13    1.00000000E+00
5 42 105    1.41421356E+00
5 43 106    1.00000000E+00
5 44 14    1.41421356E+00
5 44 108    1.73205081E+00
5 45 15    1.00000000E+00
5 45 109    1.41421356E+00
5 46 110    1.00000000E+00
5 47 113    1.00000000E+00
5 48 16    1.00000000E+00
5 48 115    1.41421356E+00
5 49 116    1.00000000E+00
5 50 17    1.41421356E+00
5 50 118    1.73205081E+00
5 51 18    1.00000000E+00
5 51 119    1.41421356E+00
5 52 120    1.00000000E+00
5 53 19    1.73205081E+00
5 53 122    2.00000000E+00
5 54 20    1.41421356E+00
5 54 123    1.73205081E+00
5 55 21    1.00000000E+00
5 55 124    1.41421356E+00
5 56 125    1.00000000E+00
5 60 22    1.00000000E+00
5 64 23    1.00000000E+00
5 67 24    1.00000000E+00
5 69 25    1.41421356E+00
5 70 26    1.00000000E+00
5 74 27    1.00000000E+00
5 77 28    1.00000000E+00
5 79 29    1.41421356E+00
5 80 30    1.00000000E+00
5 83 31    1.00000000E+00
5 85 32    1.41421356E+00
5 86 33    1.00000000E+00
5 88 34    1.73205081E+00
5 89 35    1.41421356E+00
5 90 36    1.00000000E+00
5 94 37    1.00000000E+00
5 97 38    1.00000000E+00
5 99 39    1.41421356E+00
5 100 40    1.00000000E+00
5 103 41    1.00000000E+00
5 105 42    1.41421356E+00
5 106 43    1.00000000E+00
5 108 44    1.73205081E+00
5 109 45    1.41421356E+00
5 110 46    1.00000000E+00
5 113 47    1.00000000E+00
5 115 48    1.41421356E+00
5 116 49    1.00000000E+00
5 118 50    1.73205081E+00
5 119 51    1.41421356E+00
5 120 52    1.00000000E+00
5 122 53    2.00000000E+00
5 123 54    1.73205081E+00
5 124 55    1.41421356E+00
5 125 56    1.00000000E+00
6 1 6    1.00000000E+00
6 2 11    1.00000000E+00
6 3 15    1.00000000E+00
6 4 18    1.00000000E+00
6 5 20    1.00000000E+00
6 6 1    1.00000000E+00
6 6 21    1.41421356E+00
6 7 26    1.00000000E+00
6 8 30    1.00000000E+00
6 9 33    1.00000000E+00
6 10 35    1.00000000E+00
6 11 2    1.00000000E+00
6 11 36    1.41421356E+00
6 12 40    1.00000000E+00
6 13 43    1.00000000E+00
6 14 45    1.00000000E+00
6 15 3    1.00000000E+00
6 15 46    1.41421356E+00
6 16 49    1.00000000E+00
6 17 51    1.00000000E+00
6 18 4    1.00000000E+00
6 18 52    1.41421356E+00
6 19 54    1.00000000E+00
6 20 5    1.00000000E+00
6 20 55    1.41421356E+00
6 21 6    1.41421356E+00
6 21 56    1.73205081E+00
6 22 61    1.00000000E+00
6 23 65    1.00000000E+00
6 24 68    1.00000000E+00
6 25 70    1.00000000E+00
6 26 7    1.00000000E+00
6 26 71    1.41421356E+00
6 27 75    1.00000000E+00
6 28 78    1.00000000E+00
6 29 80    1.00000000E+00
6 30 8    1.00000000E+00
6 30 81    1.41421356E+00
6 31 84    1.00000000E+00
6 32 86    1.00000000E+00
6 33 9    1.00000000E+00
6 33 87    1.41421356E+00
6 34 89    1.00000000E+00
6 35 10    1.00000000E+00
6 35 90    1.41421356E+00
6 36 11    1.41421356E+00
6 36 91    1.73205081E+00
6 37 95    1.00000000E+00
6 38 98    1.00000000E+00
6 39 100    1.00000000E+00
6 40 12    1.00000000E+00
6 40 101    1.41421356E+00
6 41 104    1.00000000E+00
6 42 106    1.00000000E+00
6 43 13    1.00000000E+00
6 43 107    1.41421356E+00
6 44 109    1.00000000E+00
6 45 14    1.00000000E+00
6 45 110    1.41421356E+00
6 46 15    1.41421356E+00
6 46 111    1.73205081E+00
6 47 114    1.00000000E+00
6 48 116    1.00000000E+00
6 49 16    1.00000000E+00
6 49 117    1.41421356E+00
6 50 119    1.00000000E+00
6 51 17    1.00000000E+00
6 51 120    1.41421356E+00
6 52 18    1.41421356E+00
6 52 121    1.73205081E+00
6 53 123    1.00000000E+00
6 54 19    1.00000000E+00
6 54 124    1.41421356E+00
6 55 20    1.41421356E+00
6 55 125    1.73205081E+00
6 56 21    1.73205081E+00
6 56 126    2.00000000E+00
6 61 22    1.00000000E+00
6 65 23    1.00000000E+00
6 68 24    1.00000000E+00
6 70 25    1.00000000E+00
6 71 26    1.41421356E+00
6 75 27    1.00000000E+00
6 78 28    1.00000000E+00
6 80 29    1.00000000E+00
6 81 30    1.41421356E+00
6 84 31    1.00000000E+00
6 86 32    1.00000000E+00
6 87 33    1.41421356E+00
6 89 34    1.00000000E+00
6 90 35    1.41421356E+00
6 91 36    1.73205081E+00
6 95 37    1.00000000E+00
6 98 38    1.00000000E+00
6 100 39    1.00000000E+00
6 101 40    1.41421356E+00
6 104 41    1.00000000E+00
6 106 42    1.00000000E+00
6 107 43    1.41421356E+00
6 109 44    1.00000000E+00
6 110 45    1.41421356E+00
6 111 46    1.73205081E+00
6 114 47    1.00000000E+00
6 116 48    1.00000000E+00
6 117 49    1.41421356E+00
6 119 50    1.00000000E+00
6 120 51    1.41421356E+00
6 121 52    1.73205081E+00
6 123 53    1.00000000E+00
6 124 54    1.41421356E+00
6 125 55    1.73205081E+00
6 126 56    2.00000000E+00
7 1 7    1.00000000E+00
7 2 2    1.41421356E+00
7 2 22    1.73205081E+00
7 3 23    1.00000000E+00
7 4 24    1.00000000E+00
7 5 25    1.00000000E+00
7 6 26    1.00000000E+00
7 7 1    1.00000000E+00
7 7 7    2.82842712E+00
7 7 57    2.44948974E+00
7 8 8    1.41421356E+00
7 8 58    1.73205081E+00
7 9 9    1.41421356E+00
7 9 59    1.73205081E+00
7 10 10    1.41421356E+00
7 10 60    1.73205081E+00
7 11 11    1.41421356E+00
7 11 61    1.73205081E+00
7 12 62    1.00000000E+00
7 13 63    1.00000000E+00
7 14 64    1.00000000E+00
7 15 65    1.00000000E+00
7 16 66    1.00000000E+00
7 17 67    1.00000000E+00
7 18 68    1.00000000E+00
7 19 69    1.00000000E+00
7 20 70    1.00000000E+00
7 21 71    1.00000000E+00
7 22 2    1.73205081E+00
7 22 22    4.24264069E+00
7 23 3    1.00000000E+00
7 23 23    2.82842712E+00
7 24 4    1.00000000E+00
7 24 24    2.82842712E+00
7 25 5    1.00000000E+00
7 25 25    2.82842712E+00
7 26 6    1.00000000E+00
7 26 26    2.82842712E+00
7 27 27    1.41421356E+00
7 28 28    1.41421356E+00
7 29 29    1.41421356E+00
7 30 30    1.41421356E+00
7 31 31    1.41421356E+00
7 32 32    1.41421356E+00
7 33 33    1.41421356E+00
7 34 34    1.41421356E+00
7 35 35    1.41421356E+00
7 36 36    1.41421356E+00
7 57 7    2.44948974E+00
7 57 57    5.65685425E+00
7 58 8    1.73205081E+00
7 58 58    4.24264069E+00
7 59 9    1.73205081E+00
7 59 59    4.24264069E+00
7 60 10    1.73205081E+00
7 60 60    4.24264069E+00
7 61 11    1.73205081E+00
7 61 61    4.24264069E+00
7 62 12    1.00000000E+00
7 62 62    2.82842712E+00
7 63 13    1.00000000E+00
7 63 63    2.82842712E+00
7 64 14    1.00000000E+00
7 64 64    2.82842712E+00
7 65 15    1.00000000E+00
7 65 65    2.82842712E+00
7 66 16    1.00000000E+00
7 66 66    2.82842712E+00
7 67 17    1.00000000E+00
7 67 67    2.82842712E+00
7 68 18    1.00000000E+00
7 68 68    2.82842712E+00
7 69 19    1.00000000E+00
7 69 69    2.82842712E+00
7 70 20    1.00000000E+00
7 70 70    2.82842712E+00
7 71 21    1.00000000E+00
7 71 71    2.82842712E+00
7 72 72    1.41421356E+00
7 73 73    1.41421356E+00
7 74 74    1.41421356E+00
7 75 75    1.41421356E+00
7 76 76    1.41421356E+00
7 77 77    1.41421356E+00
7 78 78    1.41421356E+00
7 79 79    1.41421356E+00
7 80 80    1.41421356E+00
7 81 81    1.41421356E+00
7 82 82    1.41421356E+00
7 83 83    1.41421356E+00
7 84 84    1.41421356E+00
7 85 85    1.41421356E+00
7 86 86    1.41421356E+00
7 87 87    1.41421356E+00
7 88 88    1.41421356E+00
7 89 89    1.41421356E+00
7 90 90    1.41421356E+00
7 91 91    1.41421356E+00
8 1 8    1.00000000E+00
8 2 3    1.00000000E+00
8 2 23    1.41421356E+00
8 3 2    1.00000000E+00
8 3 27    1.41421356E+00
8 4 28    1.00000000E+00
8 5 29    1.00000000E+00
8 6 30    1.00000000E+00
8 7 8    1.41421356E+00
8 7 58    1.73205081E+00
8 8 1    1.00000000E+00
8 8 7    1.41421356E+00
8 8 12    1.41421356E+00
8 8 62    2.00000000E+00
8 9 13    1.00000000E+00
8 9 63    1.41421356E+00
8 10 14    1.00000000E+00
8 10 64    1.41421356E+00
8 11 15    1.00000000E+00
8 11 65    1.41421356E+00
8 12 8    1.41421356E+00
8 12 72    1.73205081E+00
8 13 9    1.00000000E+00
8 13 73    1.41421356E+00
8 14 10    1.00000000E+00
8 14 74    1.41421356E+00
8 15 11    1.00000000E+00
8 15 75    1.41421356E+00
8 16 76    1.00000000E+00
8 17 77    1.00000000E+00
8 18 78    1.00000000E+00
8 19 79    1.00000000E+00
8 20 80    1.00000000E+00
8 21 81    1.00000000E+00
8 22 23    1.73205081E+00
8 23 2    1.41421356E+00
8 23 22    1.73205081E+00
8 23 27    2.00000000E+00
8 24 28    1.41421356E+00
8 25 29    1.41421356E+00
8 26 30    1.41421356E+00
8 27 3    1.41421356E+00
8 27 23    2.00000000E+00
8 27 37    1.73205081E+00
8 28 4    1.00000000E+00
8 28 24    1.41421356E+00
8 28 38    1.41421356E+00
8 29 5    1.00000000E+00
8 29 25    1.41421356E+00
8 29 39    1.41421356E+00
8 30 6    1.00000000E+00
8 30 26    1.41421356E+00
8 30 40    1.41421356E+00
8 31 41    1.00000000E+00
8 32 42    1.00000000E+00
8 33 43    1.00000000E+00
8 34 44    1.00000000E+00
8 35 45    1.00000000E+00
8 36 46    1.00000000E+00
8 37 27    1.73205081E+00
8 38 28    1.41421356E+00
8 39 29    1.41421356E+00
8 40 30    1.41421356E+00
8 41 31    1.00000000E+00
8 42 32    1.00000000E+00
8 43 33    1.00000000E+00
8 44 34    1.00000000E+00
8 45 35    1.00000000E+00
8 46 36    1.00000000E+00
8 57 58    2.00000000E+00
8 58 7    1.73205081E+00
8 58 57    2.00000000E+00
8 58 62    2.44948974E+00
8 59 63    1.73205081E+00
8 60 64    1.73205081E+00
8 61 65    1.73205081E+00
8 62 8    2.00000000E+00
8 62 58    2.44948974E+00
8 62 72    2.44948974E+00
8 63 9    1.41421356E+00
8 63 59    1.73205081E+00
8 63 73    2.00000000E+00
8 64 10    1.41421356E+00
8 64 60    1.73205081E+00
8 64 74    2.00000000E+00
8 65 11    1.41421356E+00
8 65 61    1.73205081E+00
8 65 75    2.00000000E+00
8 66 76    1.41421356E+00
8 67 77    1.41421356E+00
8 68 78    1.41421356E+00
8 69 79    1.41421356E+00
8 70 80    1.41421356E+00
8 71 81    1.41421356E+00
8 72 12    1.73205081E+00
8 72 62    2.44948974E+00
8 72 92    2.00000000E+00
8 73 13    1.41421356E+00
8 73 63    2.00000000E+00
8 73 93    1.73205081E+00
8 74 14    1.41421356E+00
8 74 64    2.00000000E+00
8 74 94    1.73205081E+00
8 75 15    1.41421356E+00
8 75 65    2.00000000E+00
8 75 95    1.73205081E+00
8 76 16    1.00000000E+00
8 76 66    1.41421356E+00
8 76 96    1.41421356E+00
8 77 17    1.00000000E+00
8 77 67    1.41421356E+00
8 77 97    1.41421356E+00
8 78 18    1.00000000E+00
8 78 68    1.41421356E+00
8 78 98    1.41421356E+00
8 79 19    1.00000000E+00
8 79 69    1.41421356E+00
8 79 99    1.41421356E+00
8 80 20    1.00000000E+00
8 80 70    1.41421356E+00
8 80 100    1.41421356E+00
8 81 21    1.00000000E+00
8 81 71    1.41421356E+00
8 81 101    1.41421356E+00
8 82 102    1.00000000E+00
8 83 103    1.00000000E+00
8 84 104    1.00000000E+00
8 85 105    1.00000000E+00
8 86 106    1.00000000E+00
8 87 107    1.00000000E+00
8 88 108    1.00000000E+00
8 89 109    1.00000000E+00
8 90 110    1.00000000E+00
8 91 111    1.00000000E+00
8 92 72    2.00000000E+00
8 93 73    1.73205081E+00
8 94 74    1.73205081E+00
8 95 75    1.73205081E+00
8 96 76    1.41421356E+00
8 97 77    1.41421356E+00
8 98 78    1.41421356E+00
8 99 79    1.41421356E+00
8 100 80    1.41421356E+00
8 101 81    1.41421356E+00
8 102 82    1.00000000E+00
8 103 83    1.00000000E+00
8 104 84    1.00000000E+00
8 105 85    1.00000000E+00
8 106 86    1.00000000E+00
8 107 87    1.00000000E+00
8 108 88    1.00000000E+00
8 109 89    1.00000000E+00
8 110 90    1.00000000E+00
8 111 91    1.00000000E+00
9 1 9    1.00000000E+00
9 2 4    1.00000000E+00
9 2 24    1.41421356E+00
9 3 28    1.00000000E+00
9 4 2    1.00000000E+00
9 4 31    1.41421356E+00
9 5 32    1.00000000E+00
9 6 33    1.00000000E+00
9 7 9    1.41421356E+00
9 7 59    1.73205081E+00
9 8 13    1.00000000E+00
9 8 63    1.41421356E+00
9 9 1    1.00000000E+00
9 9 7    1.41421356E+00
9 9 16    1.41421356E+00
9 9 66    2.00000000E+00
9 10 17    1.00000000E+00
9 10 67    1.41421356E+00
9 11 18    1.00000000E+00
9 11 68    1.41421356E+00
9 12 73    1.00000000E+00
9 13 8    1.00000000E+00
9 13 76    1.41421356E+00
9 14 77    1.00000000E+00
9 15 78    1.00000000E+00
9 16 9    1.41421356E+00
9 16 82    1.73205081E+00
9 17 10    1.00000000E+00
9 17 83    1.41421356E+00
9 18 11    1.00000000E+00
9 18 84    1.41421356E+00
9 19 85    1.00000000E+00
9 20 86    1.00000000E+00
9 21 87    1.00000000E+00
9 22 24    1.73205081E+00
9 23 28    1.41421356E+00
9 24 2    1.41421356E+00
9 24 22    1.73205081E+00
9 24 31    2.00000000E+00
9 25 32    1.41421356E+00
9 26 33    1.41421356E+00
9 27 38    1.00000000E+00
9 28 3    1.00000000E+00
9 28 23    1.41421356E+00
9 28 41    1.41421356E+00
9 29 42    1.00000000E+00
9 30 43    1.00000000E+00
9 31 4    1.41421356E+00
9 31 24    2.00000000E+00
9 31 47    1.73205081E+00
9 32 5    1.00000000E+00
9 32 25    1.41421356E+00
9 32 48    1.41421356E+00
9 33 6    1.00000000E+00
9 33 26    1.41421356E+00
9 33 49    1.41421356E+00
9 34 50    1.00000000E+00
9 35 51    1.00000000E+00
9 36 52    1.00000000E+00
9 38 27    1.00000000E+00
9 41 28    1.41421356E+00
9 42 29    1.00000000E+00
9 43 30    1.00000000E+00
9 47 31    1.73205081E+00
9 48 32    1.41421356E+00
9 49 33    1.41421356E+00
9 50 34    1.00000000E+00
9 51 35    1.00000000E+00
9 52 36    1.00000000E+00
9 57 59    2.00000000E+00
9 58 63    1.73205081E+00
9 59 7    1.73205081E+00
9 59 57    2.00000000E+00
9 59 66    2.44948974E+00
9 60 67    1.73205081E+00
9 61 68    1.73205081E+00
9 62 73    1.41421356E+00
9 63 8    1.41421356E+00
9 63 58    1.73205081E+00
9 63 76    2.00000000E+00
9 64 77    1.41421356E+00
9 65 78    1.41421356E+00
9 66 9    2.00000000E+00
9 66 59    2.44948974E+00
9 66 82    2.44948974E+00
9 67 10    1.41421356E+00
9 67 60    1.73205081E+00
9 67 83    2.00000000E+00
9 68 11    1.41421356E+00
9 68 61    1.73205081E+00
9 68 84    2.00000000E+00
9 69 85    1.41421356E+00
9 70 86    1.41421356E+00
9 71 87    1.41421356E+00
9 72 93    1.00000000E+00
9 73 12    1.00000000E+00
9 73 62    1.41421356E+00
9 73 96    1.41421356E+00
9 74 97    1.00000000E+00
9 75 98    1.00000000E+00
9 76 13    1.41421356E+00
9 76 63    2.00000000E+00
9 76 102    1.73205081E+00
9 77 14    1.00000000E+00
9 77 64    1.41421356E+00
9 77 103    1.41421356E+00
9 78 15    1.00000000E+00
9 78 65    1.41421356E+00
9 78 104    1.41421356E+00
9 79 105    1.00000000E+00
9 80 106    1.00000000E+00
9 81 107    1.00000000E+00
9 82 16    1.73205081E+00
9 82 66    2.44948974E+00
9 82 112    2.00000000E+00
9 83 17    1.41421356E+00
9 83 67    2.00000000E+00
9 83 113    1.73205081E+00
9 84 18    1.41421356E+00
9 84 68    2.00000000E+00
9 84 114    1.73205081E+00
9 85 19    1.00000000E+00
9 85 69    1.41421356E+00
9 85 115    1.41421356E+00
9 86 20    1.00000000E+00
9 86 70    1.41421356E+00
9 86 116    1.41421356E+00
9 87 21    1.00000000E+00
9 87 71    1.41421356E+00
9 87 117    1.41421356E+00
9 88 118    1.00000000E+00
9 89 119    1.00000000E+00
9 90 120    1.00000000E+00
9 91 121    1.00000000E+00
9 93 72    1.00000000E+00
9 96 73    1.41421356E+00
9 97 74    1.00000000E+00
9 98 75    1.00000000E+00
9 102 76    1.73205081E+00
9 103 77    1.41421356E+00
9 104 78    1.41421356E+00
9 105 79    1.00000000E+00
9 106 80    1.00000000E+00
9 107 81    1.00000000E+00
9 112 82    2.00000000E+00
9 113 83    1.73205081E+00
9 114 84    1.73205081E+00
9 115 85    1.41421356E+00
9 116 86    1.41421356E+00
9 117 87    1.41421356E+00
9 118 88    1.00000000E+00
9 119 89    1.00000000E+00
9 120 90    1.00000000E+00
9 121 91    1.00000000E+00
10 1 10    1.00000000E+00
10 2 5    1.00000000E+00
10 2 25    1.41421356E+00
10 3 29    1.00000000E+00
10 4 32    1.00000000E+00
10 5 2    1.00000000E+00
10 5 34    1.41421356E+00
10 6 35    1.00000000E+00
10 7 10    1.41421356E+00
10 7 60    1.73205081E+00
10 8 14    1.00000000E+00
10 8 64    1.41421356E+00
10 9 17    1.00000000E+00
10 9 67    1.41421356E+00
10 10 1    1.00000000E+00
10 10 7    1.41421356E+00
10 10 19    1.41421356E+00
10 10 69    2.00000000E+00
10 11 20    1.00000000E+00
10 11 70    1.41421356E+00
10 12 74    1.00000000E+00
10 13 77    1.00000000E+00
10 14 8    1.00000000E+00
10 14 79    1.41421356E+00
10 15 80    1.00000000E+00
10 16 83    1.00000000E+00
10 17 9    1.00000000E+00
10 17 85    1.41421356E+00
10 18 86    1.00000000E+00
10 19 10    1.41421356E+00
10 19 88    1.73205081E+00
10 20 11    1.00000000E+00
10 20 89    1.41421356E+00
10 21 90    1.00000000E+00
10 22 25    1.73205081E+00
10 23 29    1.41421356E+00
10 24 32    1.41421356E+00
10 25 2    1.41421356E+00
10 25 22    1.73205081E+00
10 25 34    2.00000000E+00
10 26 35    1.41421356E+00
10 27 39    1.00000000E+00
10 28 42    1.00000000E+00
10 29 3    1.00000000E+00
10 29 23    1.41421356E+00
10 29 44    1.41421356E+00
10 30 45    1.00000000E+00
10 31 48    1.00000000E+00
10 32 4    1.00000000E+00
10 32 24    1.41421356E+00
10 32 50    1.41421356E+00
10 33 51    1.00000000E+00
10 34 5    1.41421356E+00
10 34 25    2.00000000E+00
10 34 53    1.73205081E+00
10 35 6    1.00000000E+00
10 35 26    1.41421356E+00
10 35 54    1.41421356E+00
10 36 55    1.00000000E+00
10 39 27    1.00000000E+00
10 42 28    1.00000000E+00
10 44 29    1.41421356E+00
10 45 30    1.00000000E+00
10 48 31    1.00000000E+00
10 50 32    1.41421356E+00
10 51 33    1.00000000E+00
10 53 34    1.73205081E+00
10 54 35    1.41421356E+00
10 55 36    1.00000000E+00
10 57 60    2.00000000E+00
10 58 64    1.73205081E+00
10 59 67    1.73205081E+00
10 60 7    1.73205081E+00
10 60 57    2.00000000E+00
10 60 69    2.44948974E+00
10 61 70    1.73205081E+00
10 62 74    1.41421356E+00
10 63 77    1.41421356E+00
10 64 8    1.41421356E+00
10 64 58    1.73205081E+00
10 64 79    2.00000000E+00
10 65 80    1.41421356E+00
10 66 83    1.41421356E+00
10 67 9    1.41421356E+00
10 67 59    1.73205081E+00
10 67 85    2.00000000E+00
10 68 86    1.41421356E+00
10 69 10    2.00000000E+00
10 69 60    2.44948974E+00
10 69 88    2.44948974E+00
10 70 11    1.41421356E+00
10 70 61    1.73205081E+00
10 70 89    2.00000000E+00
10 71 90    1.41421356E+00
10 72 94    1.00000000E+00
10 73 97    1.00000000E+00
10 74 12    1.00000000E+00
10 74 62    1.41421356E+00
10 74 99    1.41421356E+00
10 75 100    1.00000000E+00
10 76 103    1.00000000E+00
10 77 13    1.00000000E+00
10 77 63    1.41421356E+00
10 77 105    1.41421356E+00
10 78 106    1.00000000E+00
10 79 14    1.41421356E+00
10 79 64    2.00000000E+00
10 79 108    1.73205081E+00
10 80 15    1.00000000E+00
10 80 65    1.41421356E+00
10 80 109    1.41421356E+00
10 81 110    1.00000000E+00
10 82 113    1.00000000E+00
10 83 16    1.00000000E+00
10 83 66    1.41421356E+00
10 83 115    1.41421356E+00
10 84 116    1.00000000E+00
10 85 17    1.41421356E+00
10 85 67    2.00000000E+00
10 85 118    1.73205081E+00
10 86 18    1.00000000E+00
10 86 68    1.41421356E+00
10 86 119    1.41421356E+00
10 87 120    1.00000000E+00
10 88 19    1.73205081E+00
10 88 69    2.44948974E+00
10 88 122    2.00000000E+00
10 89 20    1.41421356E+00
10 89 70    2.00000000E+00
10 89 123    1.73205081E+00
10 90 21    1.00000000E+00
10 90 71    1.41421356E+00
10 90 124    1.41421356E+00
10 91 125    1.00000000E+00
10 94 72    1.00000000E+00
10 97 73    1.00000000E+00
10 99 74    1.41421356E+00
10 100 75    1.00000000E+00
10 103 76    1.00000000E+00
10 105 77    1.41421356E+00
10 106 78    1.00000000E+00
10 108 79    1.73205081E+00
10 109 80    1.41421356E+00
10 110 81    1.00000000E+00
10 113 82    1.00000000E+00
10 115 83    1.41421356E+00
10 116 84    1.00000000E+00
10 118 85    1.73205081E+00
10 119 86    1.41421356E+00
10 120 87    1.00000000E+00
10 122 88    2.00000000E+00
10 123 89    1.73205081E+00
10 124 90    1.41421356E+00
10 125 91    1.00000000E+00
11 1 11    1.00000000E+00
11 2 6    1.00000000E+00
11 2 26    1.41421356E+00
11 3 30    1.00000000E+00
11 4 33    1.00000000E+00
11 5 35    1.00000000E+00
11 6 2    1.00000000E+00
11 6 36    1.41421356E+00
11 7 11    1.41421356E+00
11 7 61    1.73205081E+00
11 8 15    1.00000000E+00
11 8 65    1.41421356E+00
11 9 18    1.00000000E+00
11 9 68    1.41421356E+00
11 10 20    1.00000000E+00
11 10 70    1.41421356E+00
11 11 1    1.00000000E+00
11 11 7    1.41421356E+00
11 11 21    1.41421356E+00
11 11 71    2.00000000E+00
11 12 75    1.00000000E+00
11 13 78    1.00000000E+00
11 14 80    1.00000000E+00
11 15 8    1.00000000E+00
11 15 81    1.41421356E+00
11 16 84    1.00000000E+00
11 17 86    1.00000000E+00
11 18 9    1.00000000E+00
11 18 87    1.41421356E+00
11 19 89    1.00000000E+00
11 20 10    1.00000000E+00
11 20 90    1.41421356E+00
11 21 11    1.41421356E+00
11 21 91    1.73205081E+00
11 22 26    1.73205081E+00
11 23 30    1.41421356E+00
11 24 33    1.41421356E+00
11 25 35    1.41421356E+00
11 26 2    1.41421356E+00
11 26 22    1.73205081E+00
11 26 36    2.00000000E+00
11 27 40    1.00000000E+00
11 28 43    1.00000000E+00
11 29 45    1.00000000E+00
11 30 3    1.00000000E+00
11 30 23    1.41421356E+00
11 30 46    1.41421356E+00
11 31 49    1.00000000E+00
11 32 51    1.00000000E+00
11 33 4    1.00000000E+00
11 33 24    1.41421356E+00
11 33 52    1.41421356E+00
11 34 54    1.00000000E+00
11 35 5    1.00000000E+00
11 35 25    1.41421356E+00
11 35 55    1.41421356E+00
11 36 6    1.41421356E+00
11 36 26    2.00000000E+00
11 36 56    1.73205081E+00
11 40 27    1.00000000E+00
11 43 28    1.00000000E+00
11 45 29    1.00000000E+00
11 46 30    1.41421356E+00
11 49 31    1.00000000E+00
11 51 32    1.00000000E+00
11 52 33    1.41421356E+00
11 54 34    1.00000000E+00
11 55 35    1.41421356E+00
11 56 36    1.73205081E+00
11 57 61    2.00000000E+00
11 58 65    1.73205081E+00
11 59 68    1.73205081E+00
11 60 70    1.73205081E+00
11 61 7    1.73205081E+00
11 61 57    2.00000000E+00
11 61 71    2.44948974E+00
11 62 75    1.41421356E+00
11 63 78    1.41421356E+00
11 64 80    1.41421356E+00
11 65 8    1.41421356E+00
11 65 58    1.73205081E+00
11 65 81    2.00000000E+00
11 66 84    1.41421356E+00
11 67 86    1.41421356E+00
11 68 9    1.41421356E+00
11 68 59    1.73205081E+00
11 68 87    2.00000000E+00
11 69 89    1.41421356E+00
11 70 10    1.41421356E+00
11 70 60    1.73205081E+00
11 70 90    2.00000000E+00
11 71 11    2.00000000E+00
11 71 61    2.44948974E+00
11 71 91    2.44948974E+00
11 72 95    1.00000000E+00
11 73 98    1.00000000E+00
11 74 100    1.00000000E+00
11 75 12    1.00000000E+00
11 75 62    1.41421356E+00
11 75 101    1.41421356E+00
11 76 104    1.00000000E+00
11 77 106    1.00000000E+00
11 78 13    1.00000000E+00
11 78 63    1.41421356E+00
11 78 107    1.41421356E+00
11 79 109    1.00000000E+00
11 80 14    1.00000000E+00
11 80 64    1.41421356E+00
11 80 110    1.41421356E+00
11 81 15    1.41421356E+00
11 81 65    2.00000000E+00
11 81 111    1.73205081E+00
11 82 114    1.00000000E+00
11 83 116    1.00000000E+00
11 84 16    1.00000000E+00
11 84 66    1.41421356E+00
11 84 117    1.41421356E+00
11 85 119    1.00000000E+00
11 86 17    1.00000000E+00
11 86 67    1.41421356E+00
11 86 120    1.41421356E+00
11 87 18    1.41421356E+00
11 87 68    2.00000000E+00
11 87 121    1.73205081E+00
11 88 123    1.00000000E+00
11 89 19    1.00000000E+00
11 89 69    1.41421356E+00
11 89 124    1.41421356E+00
11 90 20    1.41421356E+00
11 90 70    2.00000000E+00
11 90 125    1.73205081E+00
11 91 21    1.73205081E+00
11 91 71    2.44948974E+00
11 91 126    2.00000000E+00
11 95 72    1.00000000E+00
11 98 73    1.00000000E+00
11 100 74    1.00000000E+00
11 101 75    1.41421356E+00
11 104 76    1.00000000E+00
11 106 77    1.00000000E+00
11 107 78    1.41421356E+00
11 109 79    1.00000000E+00
11 110 80    1.41421356E+00
11 111 81    1.73205081E+00
11 114 82    1.00000000E+00
11 116 83    1.00000000E+00
11 117 84    1.41421356E+00
11 119 85    1.00000000E+00
11 120 86    1.41421356E+00
11 121 87    1.73205081E+00
11 123 88    1.00000000E+00
11 124 89    1.41421356E+00
11 125 90    1.73205081E+00
11 126 91    2.00000000E+00
12 1 12    1.00000000E+00
12 2 27    1.00000000E+00
12 3 3    1.41421356E+00
12 3 37    1.73205081E+00
12 4 38    1.00000000E+00
12 5 39    1.00000000E+00
12 6 40    1.00000000E+00
12 7 62    1.00000000E+00
12 8 8    1.41421356E+00
12 8 72    1.73205081E+00
12 9 73    1.00000000E+00
12 10 74    1.00000000E+00
12 11 75    1.00000000E+00
12 12 1    1.00000000E+00
12 12 12    2.82842712E+00
12 12 92    2.44948974E+00
12 13 13    1.41421356E+00
12 13 93    1.73205081E+00
12 14 14    1.41421356E+00
12 14 94    1.73205081E+00
12 15 15    1.41421356E+00
12 15 95    1.73205081E+00
12 16 96    1.00000000E+00
12 17 97    1.00000000E+00
12 18 98    1.00000000E+00
12 19 99    1.00000000E+00
12 20 100    1.00000000E+00
12 21 101    1.00000000E+00
12 23 23    1.41421356E+00
12 27 2    1.00000000E+00
12 27 27    2.82842712E+00
12 28 28    1.41421356E+00
12 29 29    1.41421356E+00
12 30 30    1.41421356E+00
12 37 3    1.73205081E+00
12 37 37    4.24264069E+00
12 38 4    1.00000000E+00
12 38 38    2.82842712E+00
12 39 5    1.00000000E+00
12 39 39    2.82842712E+00
12 40 6    1.00000000E+00
12 40 40    2.82842712E+00
12 41 41    1.41421356E+00
12 42 42    1.41421356E+00
12 43 43    1.41421356E+00
12 44 44    1.41421356E+00
12 45 45    1.41421356E+00
12 46 46    1.41421356E+00
12 58 58    1.41421356E+00
12 62 7    1.00000000E+00
12 62 62    2.82842712E+00
12 63 63    1.41421356E+00
12 64 64    1.41421356E+00
12 65 65    1.41421356E+00
12 72 8    1.73205081E+00
12 72 72    4.24264069E+00
12 73 9    1.00000000E+00
12 73 73    2.82842712E+00
12 74 10    1.00000000E+00
12 74 74    2.82842712E+00
12 75 11    1.00000000E+00
12 75 75    2.82842712E+00
12 76 76    1.41421356E+00
12 77 77    1.41421356E+00
12 78 78    1.41421356E+00
12 79 79    1.41421356E+00
12 80 80    1.41421356E+00
12 81 81    1.41421356E+00
12 92 12    2.44948974E+00
12 92 92    5.65685425E+00
12 93 13    1.73205081E+00
12 93 93    4.24264069E+00
12 94 14    1.73205081E+00
12 94 94    4.24264069E+00
12 95 15    1.73205081E+00
12 95 95    4.24264069E+00
12 96 16    1.00000000E+00
12 96 96    2.82842712E+00
12 97 17    1.00000000E+00
12 97 97    2.82842712E+00
12 98 18    1.00000000E+00
12 98 98    2.82842712E+00
12 99 19    1.00000000E+00
12 99 99    2.82842712E+00
12 100 20    1.00000000E+00
12 100 100    2.82842712E+00
12 101 21    1.00000000E+00
12 101 101    2.82842712E+00
12 102 102    1.41421356E+00
12 103 103    1.41421356E+00
12 104 104    1.41421356E+00
12 105 105    1.41421356E+00
12 106 106    1.41421356E+00
12 107 107    1.41421356E+00
12 108 108    1.41421356E+00
12 109 109    1.41421356E+00
12 110 110    1.41421356E+00
12 111 111    1.41421356E+00
13 1 13    1.00000000E+00
13 2 28    1.00000000E+00
13 3 4    1.00000000E+00
13 3 38    1.41421356E+00
13 4 3    1.00000000E+00
13 4 41    1.41421356E+00
13 5 42    1.00000000E+00
13 6 43    1.00000000E+00
13 7 63    1.00000000E+00
13 8 9    1.00000000E+00
13 8 73    1.41421356E+00
13 9 8    1.00000000E+00
13 9 76    1.41421356E+00
13 10 77    1.00000000E+00
13 11 78    1.00000000E+00
13 12 13    1.41421356E+00
13 12 93    1.73205081E+00
13 13 1    1.00000000E+00
13 13 12    1.41421356E+00
13 13 16    1.41421356E+00
13 13 96    2.00000000E+00
13 14 17    1.00000000E+00
13 14 97    1.41421356E+00
13 15 18    1.00000000E+00
13 15 98    1.41421356E+00
13 16 13    1.41421356E+00
13 16 102    1.73205081E+00
13 17 14    1.00000000E+00
13 17 103    1.41421356E+00
13 18 15    1.00000000E+00
13 18 104    1.41421356E+00
13 19 105    1.00000000E+00
13 20 106    1.00000000E+00
13 21 107    1.00000000E+00
13 23 24    1.00000000E+00
13 24 23    1.00000000E+00
13 27 28    1.41421356E+00
13 28 2    1.00000000E+00
13 28 27    1.41421356E+00
13 28 31    1.41421356E+00
13 29 32    1.00000000E+00
13 30 33    1.00000000E+00
13 31 28    1.41421356E+00
13 32 29    1.00000000E+00
13 33 30    1.00000000E+00
13 37 38    1.73205081E+00
13 38 3    1.41421356E+00
13 38 37    1.73205081E+00
13 38 41    2.00000000E+00
13 39 42    1.41421356E+00
13 40 43    1.41421356E+00
13 41 4    1.41421356E+00
13 41 38    2.00000000E+00
13 41 47    1.73205081E+00
13 42 5    1.00000000E+00
13 42 39    1.41421356E+00
13 42 48    1.41421356E+00
13 43 6    1.00000000E+00
13 43 40    1.41421356E+00
13 43 49    1.41421356E+00
13 44 50    1.00000000E+00
13 45 51    1.00000000E+00
13 46 52    1.00000000E+00
13 47 41    1.73205081E+00
13 48 42    1.41421356E+00
13 49 43    1.41421356E+00
13 50 44    1.00000000E+00
13 51 45    1.00000000E+00
13 52 46    1.00000000E+00
13 58 59    1.00000000E+00
13 59 58    1.00000000E+00
13 62 63    1.41421356E+00
13 63 7    1.00000000E+00
13 63 62    1.41421356E+00
13 63 66    1.41421356E+00
13 64 67    1.00000000E+00
13 65 68    1.00000000E+00
13 66 63    1.41421356E+00
13 67 64    1.00000000E+00
13 68 65    1.00000000E+00
13 72 73    1.73205081E+00
13 73 8    1.41421356E+00
13 73 72    1.73205081E+00
13 73 76    2.00000000E+00
13 74 77    1.41421356E+00
13 75 78    1.41421356E+00
13 76 9    1.41421356E+00
13 76 73    2.00000000E+00
13 76 82    1.73205081E+00
13 77 10    1.00000000E+00
13 77 74    1.41421356E+00
13 77 83    1.41421356E+00
13 78 11    1.00000000E+00
13 78 75    1.41421356E+00
13 78 84    1.41421356E+00
13 79 85    1.00000000E+00
13 80 86    1.00000000E+00
13 81 87    1.00000000E+00
13 82 76    1.73205081E+00
13 83 77    1.41421356E+00
13 84 78    1.41421356E+00
13 85 79    1.00000000E+00
13 86 80    1.00000000E+00
13 87 81    1.00000000E+00
13 92 93    2.00000000E+00
13 93 12    1.73205081E+00
13 93 92    2.00000000E+00
13 93 96    2.44948974E+00
13 94 97    1.73205081E+00
13 95 98    1.73205081E+00
13 96 13    2.00000000E+00
13 96 93    2.44948974E+00
13 96 102    2.44948974E+00
13 97 14    1.41421356E+00
13 97 94    1.73205081E+00
13 97 103    2.00000000E+00
13 98 15    1.41421356E+00
13 98 95    1.73205081E+00
13 98 104    2.00000000E+00
13 99 105    1.41421356E+00
13 100 106    1.41421356E+00
13 101 107    1.41421356E+00
13 102 16    1.73205081E+00
13 102 96    2.44948974E+00
13 102 112    2.00000000E+00
13 103 17    1.41421356E+00
13 103 97    2.00000000E+00
13 103 113    1.73205081E+00
13 104 18    1.41421356E+00
13 104 98    2.00000000E+00
13 104 114    1.73205081E+00
13 105 19    1.00000000E+00
13 105 99    1.41421356E+00
13 105 115    1.41421356E+00
13 106 20    1.00000000E+00
13 106 100    1.41421356E+00
13 106 116    1.41421356E+00
13 107 21    1.00000000E+00
13 107 101    1.41421356E+00
13 107 117    1.41421356E+00
13 108 118    1.00000000E+00
13 109 119    1.00000000E+00
13 110 120    1.00000000E+00
13 111 121    1.00000000E+00
13 112 102    2.00000000E+00
13 113 103    1.73205081E+00
13 114 104    1.73205081E+00
13 115 105    1.41421356E+00
13 116 106    1.41421356E+00
13 117 107    1.41421356E+00
13 118 108    1.00000000E+00
13 119 109    1.00000000E+00
13 120 110    1.00000000E+00
13 121 111    1.00000000E+00
14 1 14    1.00000000E+00
14 2 29    1.00000000E+00
14 3 5    1.00000000E+00
14 3 39    1.41421356E+00
14 4 42    1.00000000E+00
14 5 3    1.00000000E+00
14 5 44    1.41421356E+00
14 6 45    1.00000000E+00
14 7 64    1.00000000E+00
14 8 10    1.00000000E+00
14 8 74    1.41421356E+00
14 9 77    1.00000000E+00
14 10 8    1.00000000E+00
14 10 79    1.41421356E+00
14 11 80    1.00000000E+00
14 12 14    1.41421356E+00
14 12 94    1.73205081E+00
14 13 17    1.00000000E+00
14 13 97    1.41421356E+00
14 14 1    1.00000000E+00
14 14 12    1.41421356E+00
14 14 19    1.41421356E+00
14 14 99    2.00000000E+00
14 15 20    1.00000000E+00
14 15 100    1.41421356E+00
14 16 103    1.00000000E+00
14 17 13    1.00000000E+00
14 17 105    1.41421356E+00
14 18 106    1.00000000E+00
14 19 14    1.41421356E+00
14 19 108    1.73205081E+00
14 20 15    1.00000000E+00
14 20 109    1.41421356E+00
14 21 110    1.00000000E+00
14 23 25    1.00000000E+00
14 25 23    1.00000000E+00
14 27 29    1.41421356E+00
14 28 32    1.00000000E+00
14 29 2    1.00000000E+00
14 29 27    1.41421356E+00
14 29 34    1.41421356E+00
14 30 35    1.00000000E+00
14 32 28    1.00000000E+00
14 34 29    1.41421356E+00
14 35 30    1.00000000E+00
14 37 39    1.73205081E+00
14 38 42    1.41421356E+00
14 39 3    1.41421356E+00
14 39 37    1.73205081E+00
14 39 44    2.00000000E+00
14 40 45    1.41421356E+00
14 41 48    1.00000000E+00
14 42 4    1.00000000E+00
14 42 38    1.41421356E+00
14 42 50    1.41421356E+00
14 43 51    1.00000000E+00
14 44 5    1.41421356E+00
14 44 39    2.00000000E+00
14 44 53    1.73205081E+00
14 45 6    1.00000000E+00
14 45 40    1.41421356E+00
14 45 54    1.41421356E+00
14 46 55    1.00000000E+00
14 48 41    1.00000000E+00
14 50 42    1.41421356E+00
14 51 43    1.00000000E+00
14 53 44    1.73205081E+00
14 54 45    1.41421356E+00
14 55 46    1.00000000E+00
14 58 60    1.00000000E+00
14 60 58    1.00000000E+00
14 62 64    1.41421356E+00
14 63 67    1.00000000E+00
14 64 7    1.00000000E+00
14 64 62    1.41421356E+00
14 64 69    1.41421356E+00
14 65 70    1.00000000E+00
14 67 63    1.00000000E+00
14 69 64    1.41421356E+00
14 70 65    1.00000000E+00
14 72 74    1.73205081E+00
14 73 77    1.41421356E+00
14 74 8    1.41421356E+00
14 74 72    1.73205081E+00
14 74 79    2.00000000E+00
14 75 80    1.41421356E+00
14 76 83    1.00000000E+00
14 77 9    1.00000000E+00
14 77 73    1.41421356E+00
14 77 85    1.41421356E+00
14 78 86    1.00000000E+00
14 79 10    1.41421356E+00
14 79 74    2.00000000E+00
14 79 88    1.73205081E+00
14 80 11    1.00000000E+00
14 80 75    1.41421356E+00
14 80 89    1.41421356E+00
14 81 90    1.00000000E+00
14 83 76    1.00000000E+00
14 85 77    1.41421356E+00
14 86 78    1.00000000E+00
14 88 79    1.73205081E+00
14 89 80    1.41421356E+00
14 90 81    1.00000000E+00
14 92 94    2.00000000E+00
14 93 97    1.73205081E+00
14 94 12    1.73205081E+00
14 94 92    2.00000000E+00
14 94 99    2.44948974E+00
14 95 100    1.73205081E+00
14 96 103    1.41421356E+00
14 97 13    1.41421356E+00
14 97 93    1.73205081E+00
14 97 105    2.00000000E+00
14 98 106    1.41421356E+00
14 99 14    2.00000000E+00
14 99 94    2.44948974E+00
14 99 108    2.44948974E+00
14 100 15    1.41421356E+00
14 100 95    1.73205081E+00
14 100 109    2.00000000E+00
14 101 110    1.41421356E+00
14 102 113    1.00000000E+00
14 103 16    1.00000000E+00
14 103 96    1.41421356E+00
14 103 115    1.41421356E+00
14 104 116    1.00000000E+00
14 105 17    1.41421356E+00
14 105 97    2.00000000E+00
14 105 118    1.73205081E+00
14 106 18    1.00000000E+00
14 106 98    1.41421356E+00
14 106 119    1.41421356E+00
14 107 120    1.00000000E+00
14 108 19    1.73205081E+00
14 108 99    2.44948974E+00
14 108 122    2.00000000E+00
14 109 20    1.41421356E+00
14 109 100    2.00000000E+00
14 109 123    1.73205081E+00
14 110 21    1.00000000E+00
14 110 101    1.41421356E+00
14 110 124    1.41421356E+00
14 111 125    1.00000000E+00
14 113 102    1.00000000E+00
14 115 103    1.41421356E+00
14 116 104    1.00000000E+00
14 118 105    1.73205081E+00
14 119 106    1.41421356E+00
14 120 107    1.00000000E+00
14 122 108    2.00000000E+00
14 123 109    1.73205081E+00
14 124 110    1.41421356E+00
14 125 111    1.00000000E+00
15 1 15    1.00000000E+00
15 2 30    1.00000000E+00
15 3 6    1.00000000E+00
15 3 40    1.41421356E+00
15 4 43    1.00000000E+00
15 5 45    1.00000000E+00
15 6 3    1.00000000E+00
15 6 46    1.41421356E+00
15 7 65    1.00000000E+00
15 8 11    1.00000000E+00
15 8 75    1.41421356E+00
15 9 78    1.00000000E+00
15 10 80    1.00000000E+00
15 11 8    1.00000000E+00
15 11 81    1.41421356E+00
15 12 15    1.41421356E+00
15 12 95    1.73205081E+00
15 13 18    1.00000000E+00
15 13 98    1.41421356E+00
15 14 20    1.00000000E+00
15 14 100    1.41421356E+00
15 15 1    1.00000000E+00
15 15 12    1.41421356E+00
15 15 21    1.41421356E+00
15 15 101    2.00000000E+00
15 16 104    1.00000000E+00
15 17 106    1.00000000E+00
15 18 13    1.00000000E+00
15 18 107    1.41421356E+00
15 19 109    1.00000000E+00
15 20 14    1.00000000E+00
15 20 110    1.41421356E+00
15 21 15    1.41421356E+00
15 21 111    1.73205081E+00
15 23 26    1.00000000E+00
15 26 23    1.00000000E+00
15 27 30    1.41421356E+00
15 28 33    1.00000000E+00
15 29 35    1.00000000E+00
15 30 2    1.00000000E+00
15 30 27    1.41421356E+00
15 30 36    1.41421356E+00
15 33 28    1.00000000E+00
15 35 29    1.00000000E+00
15 36 30    1.41421356E+00
15 37 40    1.73205081E+00
15 38 43    1.41421356E+00
15 39 45    1.41421356E+00
15 40 3    1.41421356E+00
15 40 37    1.73205081E+00
15 40 46    2.00000000E+00
15 41 49    1.00000000E+00
15 42 51    1.00000000E+00
15 43 4    1.00000000E+00
15 43 38    1.41421356E+00
15 43 52    1.41421356E+00
15 44 54    1.00000000E+00
15 45 5    1.00000000E+00
15 45 39    1.41421356E+00
15 45 55    1.41421356E+00
15 46 6    1.41421356E+00
15 46 40    2.00000000E+00
15 46 56    1.73205081E+00
15 49 41    1.00000000E+00
15 51 42    1.00000000E+00
15 52 43    1.41421356E+00
15 54 44    1.00000000E+00
15 55 45    1.41421356E+00
15 56 46    1.73205081E+00
15 58 61    1.00000000E+00
15 61 58    1.00000000E+00
15 62 65    1.41421356E+00
15 63 68    1.00000000E+00
15 64 70    1.00000000E+00
15 65 7    1.00000000E+00
15 65 62    1.41421356E+00
15 65 71    1.41421356E+00
15 68 63    1.00000000E+00
15 70 64    1.00000000E+00
15 71 65    1.41421356E+00
15 72 75    1.73205081E+00
15 73 78    1.41421356E+00
15 74 80    1.41421356E+00
15 75 8    1.41421356E+00
15 75 72    1.73205081E+00
15 75 81    2.00000000E+00
15 76 84    1.00000000E+00
15 77 86    1.00000000E+00
15 78 9    1.00000000E+00
15 78 73    1.41421356E+00
15 78 87    1.41421356E+00
15 79 89    1.00000000E+00
15 80 10    1.00000000E+00
15 80 74    1.41421356E+00
15 80 90    1.41421356E+00
15 81 11    1.41421356E+00
15 81 75    2.00000000E+00
15 81 91    1.73205081E+00
15 84 76    1.00000000E+00
15 86 77    1.00000000E+00
15 87 78    1.41421356E+00
15 89 79    1.00000000E+00
15 90 80    1.41421356E+00
15 91 81    1.73205081E+00
15 92 95    2.00000000E+00
15 93 98    1.73205081E+00
15 94 100    1.73205081E+00
15 95 12    1.73205081E+00
15 95 92    2.00000000E+00
15 95 101    2.44948974E+00
15 96 104    1.41421356E+00
15 97 106    1.41421356E+00
15 98 13    1.41421356E+00
15 98 93    1.73205081E+00
15 98 107    2.00000000E+00
15 99 109    1.41421356E+00
15 100 14    1.41421356E+00
15 100 94    1.73205081E+00
15 100 110    2.00000000E+00
15 101 15    2.00000000E+00
15 101 95    2.44948974E+00
15 101 111    2.44948974E+00
15 102 114    1.00000000E+00
15 103 116    1.00000000E+00
15 104 16    1.00000000E+00
15 104 96    1.41421356E+00
15 104 117    1.41421356E+00
15 105 119    1.00000000E+00
15 106 17    1.00000000E+00
15 106 97    1.41421356E+00
15 106 120    1.41421356E+00
15 107 18    1.41421356E+00
15 107 98    2.00000000E+00
15 107 121    1.73205081E+00
15 108 123    1.00000000E+00
15 109 19    1.00000000E+00
15 109 99    1.41421356E+00
15 109 124    1.41421356E+00
15 110 20    1.41421356E+00
15 110 100    2.00000000E+00
15 110 125    1.73205081E+00
15 111 21    1.73205081E+00
15 111 101    2.44948974E+00
15 111 126    2.00000000E+00
15 114 102    1.00000000E+00
15 116 103    1.00000000E+00
15 117 104    1.41421356E+00
15 119 105    1.00000000E+00
15 120 106    1.41421356E+00
15 121 107    1.73205081E+00
15 123 108    1.00000000E+00
15 124 109    1.41421356E+00
15 125 110    1.73205081E+00
15 126 111    2.00000000E+00
16 1 16    1.00000000E+00
16 2 31    1.00000000E+00
16 3 41    1.00000000E+00
16 4 4    1.41421356E+00
16 4 47    1.73205081E+00
16 5 48    1.00000000E+00
16 6 49    1.00000000E+00
16 7 66    1.00000000E+00
16 8 76    1.00000000E+00
16 9 9    1.41421356E+00
16 9 82    1.73205081E+00
16 10 83    1.00000000E+00
16 11 84    1.00000000E+00
16 12 96    1.00000000E+00
16 13 13    1.41421356E+00
16 13 102    1.73205081E+00
16 14 103    1.00000000E+00
16 15 104    1.00000000E+00
16 16 1    1.00000000E+00
16 16 16    2.82842712E+00
16 16 112    2.44948974E+00
16 17 17    1.41421356E+00
16 17 113    1.73205081E+00
16 18 18    1.41421356E+00
16 18 114    1.73205081E+00
16 19 115    1.00000000E+00
16 20 116    1.00000000E+00
16 21 117    1.00000000E+00
16 24 24    1.41421356E+00
16 28 28    1.41421356E+00
16 31 2    1.00000000E+00
16 31 31    2.82842712E+00
16 32 32    1.41421356E+00
16 33 33    1.41421356E+00
16 38 38    1.41421356E+00
16 41 3    1.00000000E+00
16 41 41    2.82842712E+00
16 42 42    1.41421356E+00
16 43 43    1.41421356E+00
16 47 4    1.73205081E+00
16 47 47    4.24264069E+00
16 48 5    1.00000000E+00
16 48 48    2.82842712E+00
16 49 6    1.00000000E+00
16 49 49    2.82842712E+00
16 50 50    1.41421356E+00
16 51 51    1.41421356E+00
16 52 52    1.41421356E+00
16 59 59    1.41421356E+00
16 63 63    1.41421356E+00
16 66 7    1.00000000E+00
16 66 66    2.82842712E+00
16 67 67    1.41421356E+00
16 68 68    1.41421356E+00
16 73 73    1.41421356E+00
16 76 8    1.00000000E+00
16 76 76    2.82842712E+00
16 77 77    1.41421356E+00
16 78 78    1.41421356E+00
16 82 9    1.73205081E+00
16 82 82    4.24264069E+00
16 83 10    1.00000000E+00
16 83 83    2.82842712E+00
16 84 11    1.00000000E+00
16 84 84    2.82842712E+00
16 85 85    1.41421356E+00
16 86 86    1.41421356E+00
16 87 87    1.41421356E+00
16 93 93    1.41421356E+00
16 96 12    1.00000000E+00
16 96 96    2.82842712E+00
16 97 97    1.41421356E+00
16 98 98    1.41421356E+00
16 102 13    1.73205081E+00
16 102 102    4.24264069E+00
16 103 14    1.00000000E+00
16 103 103    2.82842712E+00
16 104 15    1.00000000E+00
16 104 104    2.82842712E+00
16 105 105    1.41421356E+00
16 106 106    1.41421356E+00
16 107 107    1.41421356E+00
16 112 16    2.44948974E+00
16 112 112    5.65685425E+00
16 113 17    1.73205081E+00
16 113 113    4.24264069E+00
16 114 18    1.73205081E+00
16 114 114    4.24264069E+00
16 115 19    1.00000000E+00
16 115 115    2.82842712E+00
16 116 20    1.00000000E+00
16 116 116    2.82842712E+00
16 117 21    1.00000000E+00
16 117 117    2.82842712E+00
16 118 118    1.41421356E+00
16 119 119    1.41421356E+00
16 120 120    1.41421356E+00
16 121 121    1.41421356E+00
17 1 17    1.00000000E+00
17 2 32    1.00000000E+00
17 3 42    1.00000000E+00
17 4 5    1.00000000E+00
17 4 48    1.41421356E+00
17 5 4    1.00000000E+00
17 5 50    1.41421356E+00
17 6 51    1.00000000E+00
17 7 67    1.00000000E+00
17 8 77    1.00000000E+00
17 9 10    1.00000000E+00
17 9 83    1.41421356E+00
17 10 9    1.00000000E+00
17 10 85    1.41421356E+00
17 11 86    1.00000000E+00
17 12 97    1.00000000E+00
17 13 14    1.00000000E+00
17 13 103    1.41421356E+00
17 14 13    1.00000000E+00
17 14 105    1.41421356E+00
17 15 106    1.00000000E+00
17 16 17    1.41421356E+00
17 16 113    1.73205081E+00
17 17 1    1.00000000E+00
17 17 16    1.41421356E+00
17 17 19    1.41421356E+00
17 17 115    2.00000000E+00
17 18 20    1.00000000E+00
17 18 116    1.41421356E+00
17 19 17    1.41421356E+00
17 19 118    1.73205081E+00
17 20 18    1.00000000E+00
17 20 119    1.41421356E+00
17 21 120    1.00000000E+00
17 24 25    1.00000000E+00
17 25 24    1.00000000E+00
17 28 29    1.00000000E+00
17 29 28    1.00000000E+00
17 31 32    1.41421356E+00
17 32 2    1.00000000E+00
17 32 31    1.41421356E+00
17 32 34    1.41421356E+00
17 33 35    1.00000000E+00
17 34 32    1.41421356E+00
17 35 33    1.00000000E+00
17 38 39    1.00000000E+00
17 39 38    1.00000000E+00
17 41 42    1.41421356E+00
17 42 3    1.00000000E+00
17 42 41    1.41421356E+00
17 42 44    1.41421356E+00
17 43 45    1.00000000E+00
17 44 42    1.41421356E+00
17 45 43    1.00000000E+00
17 47 48    1.73205081E+00
17 48 4    1.41421356E+00
17 48 47    1.73205081E+00
17 48 50    2.00000000E+00
17 49 51    1.41421356E+00
17 50 5    1.41421356E+00
17 50 48    2.00000000E+00
17 50 53    1.73205081E+00
17 51 6    1.00000000E+00
17 51 49    1.41421356E+00
17 51 54    1.41421356E+00
17 52 55    1.00000000E+00
17 53 50    1.73205081E+00
17 54 51    1.41421356E+00
17 55 52    1.00000000E+00
17 59 60    1.00000000E+00
17 60 59    1.00000000E+00
17 63 64    1.00000000E+00
17 64 63    1.00000000E+00
17 66 67    1.41421356E+00
17 67 7    1.00000000E+00
17 67 66    1.41421356E+00
17 67 69    1.41421356E+00
17 68 70    1.00000000E+00
17 69 67    1.41421356E+00
17 70 68    1.00000000E+00
17 73 74    1.00000000E+00
17 74 73    1.00000000E+00
17 76 77    1.41421356E+00
17 77 8    1.00000000E+00
17 77 76    1.41421356E+00
17 77 79    1.41421356E+00
17 78 80    1.00000000E+00
17 79 77    1.41421356E+00
17 80 78    1.00000000E+00
17 82 83    1.73205081E+00
17 83 9    1.41421356E+00
17 83 82    1.73205081E+00
17 83 85    2.00000000E+00
17 84 86    1.41421356E+00
17 85 10    1.41421356E+00
17 85 83    2.00000000E+00
17 85 88    1.73205081E+00
17 86 11    1.00000000E+00
17 86 84    1.41421356E+00
17 86 89    1.41421356E+00
17 87 90    1.00000000E+00
17 88 85    1.73205081E+00
17 89 86    1.41421356E+00
17 90 87    1.00000000E+00
17 93 94    1.00000000E+00
17 94 93    1.00000000E+00
17 96 97    1.41421356E+00
17 97 12    1.00000000E+00
17 97 96    1.41421356E+00
17 97 99    1.41421356E+00
17 98 100    1.00000000E+00
17 99 97    1.41421356E+00
17 100 98    1.00000000E+00
17 102 103    1.73205081E+00
17 103 13    1.41421356E+00
17 103 102    1.73205081E+00
17 103 105    2.00000000E+00
17 104 106    1.41421356E+00
17 105 14    1.41421356E+00
17 105 103    2.00000000E+00
17 105 108    1.73205081E+00
17 106 15    1.00000000E+00
17 106 104    1.41421356E+00
17 106 109    1.41421356E+00
17 107 110    1.00000000E+00
17 108 105    1.73205081E+00
17 109 106    1.41421356E+00
17 110 107    1.00000000E+00
17 112 113    2.00000000E+00
17 113 16    1.73205081E+00
17 113 112    2.00000000E+00
17 113 115    2.44948974E+00
17 114 116    1.73205081E+00
17 115 17    2.00000000E+00
17 115 113    2.44948974E+00
17 115 118    2.44948974E+00
17 116 18    1.41421356E+00
17 116 114    1.73205081E+00
17 116 119    2.00000000E+00
17 117 120    1.41421356E+00
17 118 19    1.73205081E+00
17 118 115    2.44948974E+00
17 118 122    2.00000000E+00
17 119 20    1.41421356E+00
17 119 116    2.00000000E+00
17 119 123    1.73205081E+00
17 120 21    1.00000000E+00
17 120 117    1.41421356E+00
17 120 124    1.41421356E+00
17 121 125    1.00000000E+00
17 122 118    2.00000000E+00
17 123 119    1.73205081E+00
17 124 120    1.41421356E+00
17 125 121    1.00000000E+00
18 1 18    1.00000000E+00
18 2 33    1.00000000E+00
18 3 43    1.00000000E+00
18 4 6    1.00000000E+00
18 4 49    1.41421356E+00
18 5 51    1.00000000E+00
18 6 4    1.00000000E+00
18 6 52    1.41421356E+00
18 7 68    1.00000000E+00
18 8 78    1.00000000E+00
18 9 11    1.00000000E+00
18 9 84    1.41421356E+00
18 10 86    1.00000000E+00
18 11 9    1.00000000E+00
18 11 87    1.41421356E+00
18 12 98    1.00000000E+00
18 13 15    1.00000000E+00
18 13 104    1.41421356E+00
18 14 106    1.00000000E+00
18 15 13    1.00000000E+00
18 15 107    1.41421356E+00
18 16 18    1.41421356E+00
18 16 114    1.73205081E+00
18 17 20    1.00000000E+00
18 17 116    1.41421356E+00
18 18 1    1.00000000E+00
18 18 16    1.41421356E+00
18 18 21    1.41421356E+00
18 18 117    2.00000000E+00
18 19 119    1.00000000E+00
18 20 17    1.00000000E+00
18 20 120    1.41421356E+00
18 21 18    1.41421356E+00
18 21 121    1.73205081E+00
18 24 26    1.00000000E+00
18 26 24    1.00000000E+00
18 28 30    1.00000000E+00
18 30 28    1.00000000E+00
18 31 33    1.41421356E+00
18 32 35    1.00000000E+00
18 33 2    1.00000000E+00
18 33 31    1.41421356E+00
18 33 36    1.41421356E+00
18 35 32    1.00000000E+00
18 36 33    1.41421356E+00
18 38 40    1.00000000E+00
18 40 38    1.00000000E+00
18 41 43    1.41421356E+00
18 42 45    1.00000000E+00
18 43 3    1.00000000E+00
18 43 41    1.41421356E+00
18 43 46    1.41421356E+00
18 45 42    1.00000000E+00
18 46 43    1.41421356E+00
18 47 49    1.73205081E+00
18 48 51    1.41421356E+00
18 49 4    1.41421356E+00
18 49 47    1.73205081E+00
18 49 52    2.00000000E+00
18 50 54    1.00000000E+00
18 51 5    1.00000000E+00
18 51 48    1.41421356E+00
18 51 55    1.41421356E+00
18 52 6    1.41421356E+00
18 52 49    2.00000000E+00
18 52 56    1.73205081E+00
18 54 50    1.00000000E+00
18 55 51    1.41421356E+00
18 56 52    1.73205081E+00
18 59 61    1.00000000E+00
18 61 59    1.00000000E+00
18 63 65    1.00000000E+00
18 65 63    1.00000000E+00
18 66 68    1.41421356E+00
18 67 70    1.00000000E+00
18 68 7    1.00000000E+00
18 68 66    1.41421356E+00
18 68 71    1.41421356E+00
18 70 67    1.00000000E+00
18 71 68    1.41421356E+00
18 73 75    1.00000000E+00
18 75 73    1.00000000E+00
18 76 78    1.41421356E+00
18 77 80    1.00000000E+00
18 78 8    1.00000000E+00
18 78 76    1.41421356E+00
18 78 81    1.41421356E+00
18 80 77    1.00000000E+00
18 81 78    1.41421356E+00
18 82 84    1.73205081E+00
18 83 86    1.41421356E+00
18 84 9    1.41421356E+00
18 84 82    1.73205081E+00
18 84 87    2.00000000E+00
18 85 89    1.00000000E+00
18 86 10    1.00000000E+00
18 86 83    1.41421356E+00
18 86 90    1.41421356E+00
18 87 11    1.41421356E+00
18 87 84    2.00000000E+00
18 87 91    1.73205081E+00
18 89 85    1.00000000E+00
18 90 86    1.41421356E+00
18 91 87    1.73205081E+00
18 93 95    1.00000000E+00
18 95 93    1.00000000E+00
18 96 98    1.41421356E+00
18 97 100    1.00000000E+00
18 98 12    1.00000000E+00
18 98 96    1.41421356E+00
18 98 101    1.41421356E+00
18 100 97    1.00000000E+00
18 101 98    1.41421356E+00
18 102 104    1.73205081E+00
18 103 106    1.41421356E+00
18 104 13    1.41421356E+00
18 104 102    1.73205081E+00
18 104 107    2.00000000E+00
18 105 109    1.00000000E+00
18 106 14    1.00000000E+00
18 106 103    1.41421356E+00
18 106 110    1.41421356E+00
18 107 15    1.41421356E+00
18 107 104    2.00000000E+00
18 107 111    1.73205081E+00
18 109 105    1.00000000E+00
18 110 106    1.41421356E+00
18 111 107    1.73205081E+00
18 112 114    2.00000000E+00
18 113 116    1.73205081E+00
18 114 16    1.73205081E+00
18 114 112    2.00000000E+00
18 114 117    2.44948974E+00
18 115 119    1.41421356E+00
18 116 17    1.41421356E+00
18 116 113    1.73205081E+00
18 116 120    2.00000000E+00
18 117 18    2.00000000E+00
18 117 114    2.44948974E+00
18 117 121    2.44948974E+00
18 118 123    1.00000000E+00
18 119 19    1.00000000E+00
18 119 115    1.41421356E+00
18 119 124    1.41421356E+00
18 120 20    1.41421356E+00
18 120 116    2.00000000E+00
18 120 125    1.73205081E+00
18 121 21    1.73205081E+00
18 121 117    2.44948974E+00
18 121 126    2.00000000E+00
18 123 118    1.00000000E+00
18 124 119    1.41421356E+00
18 125 120    1.73205081E+00
18 126 121    2.00000000E+00
19 1 19    1.00000000E+00
19 2 34    1.00000000E+00
19 3 44    1.00000000E+00
19 4 50    1.00000000E+00
19 5 5    1.41421356E+00
19 5 53    1.73205081E+00
19 6 54    1.00000000E+00
19 7 69    1.00000000E+00
19 8 79    1.00000000E+00
19 9 85    1.00000000E+00
19 10 10    1.41421356E+00
19 10 88    1.73205081E+00
19 11 89    1.00000000E+00
19 12 99    1.00000000E+00
19 13 105    1.00000000E+00
19 14 14    1.41421356E+00
19 14 108    1.73205081E+00
19 15 109    1.00000000E+00
19 16 115    1.00000000E+00
19 17 17    1.41421356E+00
19 17 118    1.73205081E+00
19 18 119    1.00000000E+00
19 19 1    1.00000000E+00
19 19 19    2.82842712E+00
19 19 122    2.44948974E+00
19 20 20    1.41421356E+00
19 20 123    1.73205081E+00
19 21 124    1.00000000E+00
19 25 25    1.41421356E+00
19 29 29    1.41421356E+00
19 32 32    1.41421356E+00
19 34 2    1.00000000E+00
19 34 34    2.82842712E+00
19 35 35    1.41421356E+00
19 39 39    1.41421356E+00
19 42 42    1.41421356E+00
19 44 3    1.00000000E+00
19 44 44    2.82842712E+00
19 45 45    1.41421356E+00
19 48 48    1.41421356E+00
19 50 4    1.00000000E+00
19 50 50    2.82842712E+00
19 51 51    1.41421356E+00
19 53 5    1.73205081E+00
19 53 53    4.24264069E+00
19 54 6    1.00000000E+00
19 54 54    2.82842712E+00
19 55 55    1.41421356E+00
19 60 60    1.41421356E+00
19 64 64    1.41421356E+00
19 67 67    1.41421356E+00
19 69 7    1.00000000E+00
19 69 69    2.82842712E+00
19 70 70    1.41421356E+00
19 74 74    1.41421356E+00
19 77 77    1.41421356E+00
19 79 8    1.00000000E+00
19 79 79    2.82842712E+00
19 80 80    1.41421356E+00
19 83 83    1.41421356E+00
19 85 9    1.00000000E+00
19 85 85    2.82842712E+00
19 86 86    1.41421356E+00
19 88 10    1.73205081E+00
19 88 88    4.24264069E+00
19 89 11    1.00000000E+00
19 89 89    2.82842712E+00
19 90 90    1.41421356E+00
19 94 94    1.41421356E+00
19 97 97    1.41421356E+00
19 99 12    1.00000000E+00
19 99 99    2.82842712E+00
19 100 100    1.41421356E+00
19 103 103    1.41421356E+00
19 105 13    1.00000000E+00
19 105 105    2.82842712E+00
19 106 106    1.41421356E+00
19 108 14    1.73205081E+00
19 108 108    4.24264069E+00
19 109 15    1.00000000E+00
19 109 109    2.82842712E+00
19 110 110    1.41421356E+00
19 113 113    1.41421356E+00
19 115 16    1.00000000E+00
19 115 115    2.82842712E+00
19 116 116    1.41421356E+00
19 118 17    1.73205081E+00
19 118 118    4.24264069E+00
19 119 18    1.00000000E+00
19 119 119    2.82842712E+00
19 120 120    1.41421356E+00
19 122 19    2.44948974E+00
19 122 122    5.65685425E+00
19 123 20    1.73205081E+00
19 123 123    4.24264069E+00
19 124 21    1.00000000E+00
19 124 124    2.82842712E+00
19 125 125    1.41421356E+00
20 1 20    1.00000000E+00
20 2 35    1.00000000E+00
20 3 45    1.00000000E+00
20 4 51    1.00000000E+00
20 5 6    1.00000000E+00
20 5 54    1.41421356E+00
20 6 5    1.00000000E+00
20 6 55    1.41421356E+00
20 7 70    1.00000000E+00
20 8 80    1.00000000E+00
20 9 86    1.00000000E+00
20 10 11    1.00000000E+00
20 10 89    1.41421356E+00
20 11 10    1.00000000E+00
20 11 90    1.41421356E+00
20 12 100    1.00000000E+00
20 13 106    1.00000000E+00
20 14 15    1.00000000E+00
20 14 109    1.41421356E+00
20 15 14    1.00000000E+00
20 15 110    1.41421356E+00
20 16 116    1.00000000E+00
20 17 18    1.00000000E+00
20 17 119    1.41421356E+00
20 18 17    1.00000000E+00
20 18 120    1.41421356E+00
20 19 20    1.41421356E+00
20 19 123    1.73205081E+00
20 20 1    1.00000000E+00
20 20 19    1.41421356E+00
20 20 21    1.41421356E+00
20 20 124    2.00000000E+00
20 21 20    1.41421356E+00
20 21 125    1.73205081E+00
20 25 26    1.00000000E+00
20 26 25    1.00000000E+00
20 29 30    1.00000000E+00
20 30 29    1.00000000E+00
20 32 33    1.00000000E+00
20 33 32    1.00000000E+00
20 34 35    1.41421356E+00
20 35 2    1.00000000E+00
20 35 34    1.41421356E+00
20 35 36    1.41421356E+00
20 36 35    1.41421356E+00
20 39 40    1.00000000E+00
20 40 39    1.00000000E+00
20 42 43    1.00000000E+00
20 43 42    1.00000000E+00
20 44 45    1.41421356E+00
20 45 3    1.00000000E+00
20 45 44    1.41421356E+00
20 45 46    1.41421356E+00
20 46 45    1.41421356E+00
20 48 49    1.00000000E+00
20 49 48    1.00000000E+00
20 50 51    1.41421356E+00
20 51 4    1.00000000E+00
20 51 50    1.41421356E+00
20 51 52    1.41421356E+00
20 52 51    1.41421356E+00
20 53 54    1.73205081E+00
20 54 5    1.41421356E+00
20 54 53    1.73205081E+00
20 54 55    2.00000000E+00
20 55 6    1.41421356E+00
20 55 54    2.00000000E+00
20 55 56    1.73205081E+00
20 56 55    1.73205081E+00
20 60 61    1.00000000E+00
20 61 60    1.00000000E+00
20 64 65    1.00000000E+00
20 65 64    1.00000000E+00
20 67 68    1.00000000E+00
20 68 67    1.00000000E+00
20 69 70    1.41421356E+00
20 70 7    1.00000000E+00
20 70 69    1.41421356E+00
20 70 71    1.41421356E+00
20 71 70    1.41421356E+00
20 74 75    1.00000000E+00
20 75 74    1.00000000E+00
20 77 78    1.00000000E+00
20 78 77    1.00000000E+00
20 79 80    1.41421356E+00
20 80 8    1.00000000E+00
20 80 79    1.41421356E+00
20 80 81    1.41421356E+00
20 81 80    1.41421356E+00
20 83 84    1.00000000E+00
20 84 83    1.00000000E+00
20 85 86    1.41421356E+00
20 86 9    1.00000000E+00
20 86 85    1.41421356E+00
20 86 87    1.41421356E+00
20 87 86    1.41421356E+00
20 88 89    1.73205081E+00
20 89 10    1.41421356E+00
20 89 88    1.73205081E+00
20 89 90    2.00000000E+00
20 90 11    1.41421356E+00
20 90 89    2.00000000E+00
20 90 91    1.73205081E+00
20 91 90    1.73205081E+00
20 94 95    1.00000000E+00
20 95 94    1.00000000E+00
20 97 98    1.00000000E+00
20 98 97    1.00000000E+00
20 99 100    1.41421356E+00
20 100 12    1.00000000E+00
20 100 99    1.41421356E+00
20 100 101    1.41421356E+00
20 101 100    1.41421356E+00
20 103 104    1.00000000E+00
20 104 103    1.00000000E+00
20 105 106    1.41421356E+00
20 106 13    1.00000000E+00
20 106 105    1.41421356E+00
20 106 107    1.41421356E+00
20 107 106    1.41421356E+00
20 108 109    1.73205081E+00
20 109 14    1.41421356E+00
20 109 108    1.73205081E+00
20 109 110    2.00000000E+00
20 110 15    1.41421356E+00
20 110 109    2.00000000E+00
20 110 111    1.73205081E+00
20 111 110    1.73205081E+00
20 113 114    1.00000000E+00
20 114 113    1.00000000E+00
20 115 116    1.41421356E+00
20 116 16    1.00000000E+00
20 116 115    1.41421356E+00
20 116 117    1.41421356E+00
20 117 116    1.41421356E+00
20 118 119    1.73205081E+00
20 119 17    1.41421356E+00
20 119 118    1.73205081E+00
20 119 120    2.00000000E+00
20 120 18    1.41421356E+00
20 120 119    2.00000000E+00
20 120 121    1.73205081E+00
20 121 120    1.73205081E+00
20 122 123    2.00000000E+00
20 123 19    1.73205081E+00
20 123 122    2.00000000E+00
20 123 124    2.44948974E+00
20 124 20    2.00000000E+00
20 124 123    2.44948974E+00
20 124 125    2.44948974E+00
20 125 21    1.73205081E+00
20 125 124    2.44948974E+00
20 125 126    2.00000000E+00
20 126 125    2.00000000E+00
21 1 21    1.00000000E+00
21 2 36    1.00000000E+00
21 3 46    1.00000000E+00
21 4 52    1.00000000E+00
21 5 55    1.00000000E+00
21 6 6    1.41421356E+00
21 6 56    1.73205081E+00
21 7 71    1.00000000E+00
21 8 81    1.00000000E+00
21 9 87    1.00000000E+00
21 10 90    1.00000000E+00
21 11 11    1.41421356E+00
21 11 91    1.73205081E+00
21 12 101    1.00000000E+00
21 13 107    1.00000000E+00
21 14 110    1.00000000E+00
21 15 15    1.41421356E+00
21 15 111    1.73205081E+00
21 16 117    1.00000000E+00
21 17 120    1.00000000E+00
21 18 18    1.41421356E+00
21 18 121    1.73205081E+00
21 19 124    1.00000000E+00
21 20 20    1.41421356E+00
21 20 125    1.73205081E+00
21 21 1    1.00000000E+00
21 21 21    2.82842712E+00
21 21 126    2.44948974E+00
21 26 26    1.41421356E+00
21 30 30    1.41421356E+00
21 33 33    1.41421356E+00
21 35 35    1.41421356E+00
21 36 2    1.00000000E+00
21 36 36    2.82842712E+00
21 40 40    1.41421356E+00
21 43 43    1.41421356E+00
21 45 45    1.41421356E+00
21 46 3    1.00000000E+00
21 46 46    2.82842712E+00
21 49 49    1.41421356E+00
21 51 51    1.41421356E+00
21 52 4    1.00000000E+00
21 52 52    2.82842712E+00
21 54 54    1.41421356E+00
21 55 5    1.00000000E+00
21 55 55    2.82842712E+00
21 56 6    1.73205081E+00
21 56 56    4.24264069E+00
21 61 61    1.41421356E+00
21 65 65    1.41421356E+00
21 68 68    1.41421356E+00
21 70 70    1.41421356E+00
21 71 7    1.00000000E+00
21 71 71    2.82842712E+00
21 75 75    1.41421356E+00
21 78 78    1.41421356E+00
21 80 80    1.41421356E+00
21 81 8    1.00000000E+00
21 81 81    2.82842712E+00
21 84 84    1.41421356E+00
21 86 86    1.41421356E+00
21 87 9    1.00000000E+00
21 87 87    2.82842712E+00
21 89 89    1.41421356E+00
21 90 10    1.00000000E+00
21 90 90    2.82842712E+00
21 91 11    1.73205081E+00
21 91 91    4.24264069E+00
21 95 95    1.41421356E+00
21 98 98    1.41421356E+00
21 100 100    1.41421356E+00
21 101 12    1.00000000E+00
21 101 101    2.82842712E+00
21 104 104    1.41421356E+00
21 106 106    1.41421356E+00
21 107 13    1.00000000E+00
21 107 107    2.82842712E+00
21 109 109    1.41421356E+00
21 110 14    1.00000000E+00
21 110 110    2.82842712E+00
21 111 15    1.73205081E+00
21 111 111    4.24264069E+00
21 114 114    1.41421356E+00
21 116 116    1.41421356E+00
21 117 16    1.00000000E+00
21 117 117    2.82842712E+00
21 119 119    1.41421356E+00
21 120 17    1.00000000E+00
21 120 120    2.82842712E+00
21 121 18    1.73205081E+00
21 121 121    4.24264069E+00
21 123 123    1.41421356E+00
21 124 19    1.00000000E+00
21 124 124    2.82842712E+00
21 125 20    1.73205081E+00
21 125 125    4.24264069E+00
21 126 21    2.44948974E+00
21 126 126    5.65685425E+00
