935
1 1 1    1.00000000E+00
1 2 2    1.00000000E+00
1 3 3    1.00000000E+00
1 4 4    1.00000000E+00
1 5 5    1.00000000E+00
1 6 6    1.00000000E+00
1 7 7    1.00000000E+00
1 8 8    1.00000000E+00
1 9 9    1.00000000E+00
1 10 10    1.00000000E+00
1 11 11    1.00000000E+00
1 12 12    1.00000000E+00
1 13 13    1.00000000E+00
1 14 14    1.00000000E+00
1 15 15    1.00000000E+00
1 16 16    1.00000000E+00
1 17 17    1.00000000E+00
1 18 18    1.00000000E+00
1 19 19    1.00000000E+00
1 20 20    1.00000000E+00
1 21 21    1.00000000E+00
1 22 22    1.00000000E+00
1 23 23    1.00000000E+00
1 24 24    1.00000000E+00
1 25 25    1.00000000E+00
1 26 26    1.00000000E+00
1 27 27    1.00000000E+00
1 28 28    1.00000000E+00
1 29 29    1.00000000E+00
1 30 30    1.00000000E+00
1 31 31    1.00000000E+00
1 32 32    1.00000000E+00
1 33 33    1.00000000E+00
1 34 34    1.00000000E+00
1 35 35    1.00000000E+00
2 1 2    1.00000000E+00
2 2 1    1.00000000E+00
2 2 6    1.41421356E+00
2 3 7    1.00000000E+00
2 4 8    1.00000000E+00
2 5 9    1.00000000E+00
2 6 2    1.41421356E+00
2 6 16    1.73205081E+00
2 7 3    1.00000000E+00
2 7 17    1.41421356E+00
2 8 4    1.00000000E+00
2 8 18    1.41421356E+00
2 9 5    1.00000000E+00
2 9 19    1.41421356E+00
2 10 20    1.00000000E+00
2 11 21    1.00000000E+00
2 12 22    1.00000000E+00
2 13 23    1.00000000E+00
2 14 24    1.00000000E+00
2 15 25    1.00000000E+00
2 16 6    1.73205081E+00
2 17 7    1.41421356E+00
2 18 8    1.41421356E+00
2 19 9    1.41421356E+00
2 20 10    1.00000000E+00
2 21 11    1.00000000E+00
2 22 12    1.00000000E+00
2 23 13    1.00000000E+00
2 24 14    1.00000000E+00
2 25 15    1.00000000E+00
3 1 3    1.00000000E+00
3 2 7    1.00000000E+00
3 3 1    1.00000000E+00
3 3 10    1.41421356E+00
3 4 11    1.00000000E+00
3 5 12    1.00000000E+00
3 6 17    1.00000000E+00
3 7 2    1.00000000E+00
3 7 20    1.41421356E+00
3 8 21    1.00000000E+00
3 9 22    1.00000000E+00
3 10 3    1.41421356E+00
3 10 26    1.73205081E+00
3 11 4    1.00000000E+00
3 11 27    1.41421356E+00
3 12 5    1.00000000E+00
3 12 28    1.41421356E+00
3 13 29    1.00000000E+00
3 14 30    1.00000000E+00
3 15 31    1.00000000E+00
3 17 6    1.00000000E+00
3 20 7    1.41421356E+00
3 21 8    1.00000000E+00
3 22 9    1.00000000E+00
3 26 10    1.73205081E+00
3 27 11    1.41421356E+00
3 28 12    1.41421356E+00
3 29 13    1.00000000E+00
3 30 14    1.00000000E+00
3 31 15    1.00000000E+00
4 1 4    1.00000000E+00
4 2 8    1.00000000E+00
4 3 11    1.00000000E+00
4 4 1    1.00000000E+00
4 4 13    1.41421356E+00
4 5 14    1.00000000E+00
4 6 18    1.00000000E+00
4 7 21    1.00000000E+00
4 8 2    1.00000000E+00
4 8 23    1.41421356E+00
4 9 24    1.00000000E+00
4 10 27    1.00000000E+00
4 11 3    1.00000000E+00
4 11 29    1.41421356E+00
4 12 30    1.00000000E+00
4 13 4    1.41421356E+00
4 13 32    1.73205081E+00
4 14 5    1.00000000E+00
4 14 33    1.41421356E+00
4 15 34    1.00000000E+00
4 18 6    1.00000000E+00
4 21 7    1.00000000E+00
4 23 8    1.41421356E+00
4 24 9    1.00000000E+00
4 27 10    1.00000000E+00
4 29 11    1.41421356E+00
4 30 12    1.00000000E+00
4 32 13    1.73205081E+00
4 33 14    1.41421356E+00
4 34 15    1.00000000E+00
5 1 5    1.00000000E+00
5 2 9    1.00000000E+00
5 3 12    1.00000000E+00
5 4 14    1.00000000E+00
5 5 1    1.00000000E+00
5 5 15    1.41421356E+00
5 6 19    1.00000000E+00
5 7 22    1.00000000E+00
5 8 24    1.00000000E+00
5 9 2    1.00000000E+00
5 9 25    1.41421356E+00
5 10 28    1.00000000E+00
5 11 30    1.00000000E+00
5 12 3    1.00000000E+00
5 12 31    1.41421356E+00
5 13 33    1.00000000E+00
5 14 4    1.00000000E+00
5 14 34    1.41421356E+00
5 15 5    1.41421356E+00
5 15 35    1.73205081E+00
5 19 6    1.00000000E+00
5 22 7    1.00000000E+00
5 24 8    1.00000000E+00
5 25 9    1.41421356E+00
5 28 10    1.00000000E+00
5 30 11    1.00000000E+00
5 31 12    1.41421356E+00
5 33 13    1.00000000E+00
5 34 14    1.41421356E+00
5 35 15    1.73205081E+00
6 1 6    1.00000000E+00
6 2 2    1.41421356E+00
6 2 16    1.73205081E+00
6 3 17    1.00000000E+00
6 4 18    1.00000000E+00
6 5 19    1.00000000E+00
6 6 1    1.00000000E+00
6 6 6    2.82842712E+00
6 7 7    1.41421356E+00
6 8 8    1.41421356E+00
6 9 9    1.41421356E+00
6 16 2    1.73205081E+00
6 16 16    4.24264069E+00
6 17 3    1.00000000E+00
6 17 17    2.82842712E+00
6 18 4    1.00000000E+00
6 18 18    2.82842712E+00
6 19 5    1.00000000E+00
6 19 19    2.82842712E+00
6 20 20    1.41421356E+00
6 21 21    1.41421356E+00
6 22 22    1.41421356E+00
6 23 23    1.41421356E+00
6 24 24    1.41421356E+00
6 25 25    1.41421356E+00
7 1 7    1.00000000E+00
7 2 3    1.00000000E+00
7 2 17    1.41421356E+00
7 3 2    1.00000000E+00
7 3 20    1.41421356E+00
7 4 21    1.00000000E+00
7 5 22    1.00000000E+00
7 6 7    1.41421356E+00
7 7 1    1.00000000E+00
7 7 6    1.41421356E+00
7 7 10    1.41421356E+00
7 8 11    1.00000000E+00
7 9 12    1.00000000E+00
7 10 7    1.41421356E+00
7 11 8    1.00000000E+00
7 12 9    1.00000000E+00
7 16 17    1.73205081E+00
7 17 2    1.41421356E+00
7 17 16    1.73205081E+00
7 17 20    2.00000000E+00
7 18 21    1.41421356E+00
7 19 22    1.41421356E+00
7 20 3    1.41421356E+00
7 20 17    2.00000000E+00
7 20 26    1.73205081E+00
7 21 4    1.00000000E+00
7 21 18    1.41421356E+00
7 21 27    1.41421356E+00
7 22 5    1.00000000E+00
7 22 19    1.41421356E+00
7 22 28    1.41421356E+00
7 23 29    1.00000000E+00
7 24 30    1.00000000E+00
7 25 31    1.00000000E+00
7 26 20    1.73205081E+00
7 27 21    1.41421356E+00
7 28 22    1.41421356E+00
7 29 23    1.00000000E+00
7 30 24    1.00000000E+00
7 31 25    1.00000000E+00
8 1 8    1.00000000E+00
8 2 4    1.00000000E+00
8 2 18    1.41421356E+00
8 3 21    1.00000000E+00
8 4 2    1.00000000E+00
8 4 23    1.41421356E+00
8 5 24    1.00000000E+00
8 6 8    1.41421356E+00
8 7 11    1.00000000E+00
8 8 1    1.00000000E+00
8 8 6    1.41421356E+00
8 8 13    1.41421356E+00
8 9 14    1.00000000E+00
8 11 7    1.00000000E+00
8 13 8    1.41421356E+00
8 14 9    1.00000000E+00
8 16 18    1.73205081E+00
8 17 21    1.41421356E+00
8 18 2    1.41421356E+00
8 18 16    1.73205081E+00
8 18 23    2.00000000E+00
8 19 24    1.41421356E+00
8 20 27    1.00000000E+00
8 21 3    1.00000000E+00
8 21 17    1.41421356E+00
8 21 29    1.41421356E+00
8 22 30    1.00000000E+00
8 23 4    1.41421356E+00
8 23 18    2.00000000E+00
8 23 32    1.73205081E+00
8 24 5    1.00000000E+00
8 24 19    1.41421356E+00
8 24 33    1.41421356E+00
8 25 34    1.00000000E+00
8 27 20    1.00000000E+00
8 29 21    1.41421356E+00
8 30 22    1.00000000E+00
8 32 23    1.73205081E+00
8 33 24    1.41421356E+00
8 34 25    1.00000000E+00
9 1 9    1.00000000E+00
9 2 5    1.00000000E+00
9 2 19    1.41421356E+00
9 3 22    1.00000000E+00
9 4 24    1.00000000E+00
9 5 2    1.00000000E+00
9 5 25    1.41421356E+00
9 6 9    1.41421356E+00
9 7 12    1.00000000E+00
9 8 14    1.00000000E+00
9 9 1    1.00000000E+00
9 9 6    1.41421356E+00
9 9 15    1.41421356E+00
9 12 7    1.00000000E+00
9 14 8    1.00000000E+00
9 15 9    1.41421356E+00
9 16 19    1.73205081E+00
9 17 22    1.41421356E+00
9 18 24    1.41421356E+00
9 19 2    1.41421356E+00
9 19 16    1.73205081E+00
9 19 25    2.00000000E+00
9 20 28    1.00000000E+00
9 21 30    1.00000000E+00
9 22 3    1.00000000E+00
9 22 17    1.41421356E+00
9 22 31    1.41421356E+00
9 23 33    1.00000000E+00
9 24 4    1.00000000E+00
9 24 18    1.41421356E+00
9 24 34    1.41421356E+00
9 25 5    1.41421356E+00
9 25 19    2.00000000E+00
9 25 35    1.73205081E+00
9 28 20    1.00000000E+00
9 30 21    1.00000000E+00
9 31 22    1.41421356E+00
9 33 23    1.00000000E+00
9 34 24    1.41421356E+00
9 35 25    1.73205081E+00
10 1 10    1.00000000E+00
10 2 20    1.00000000E+00
10 3 3    1.41421356E+00
10 3 26    1.73205081E+00
10 4 27    1.00000000E+00
10 5 28    1.00000000E+00
10 7 7    1.41421356E+00
10 10 1    1.00000000E+00
10 10 10    2.82842712E+00
10 11 11    1.41421356E+00
10 12 12    1.41421356E+00
10 17 17    1.41421356E+00
10 20 2    1.00000000E+00
10 20 20    2.82842712E+00
10 21 21    1.41421356E+00
10 22 22    1.41421356E+00
10 26 3    1.73205081E+00
10 26 26    4.24264069E+00
10 27 4    1.00000000E+00
10 27 27    2.82842712E+00
10 28 5    1.00000000E+00
10 28 28    2.82842712E+00
10 29 29    1.41421356E+00
10 30 30    1.41421356E+00
10 31 31    1.41421356E+00
11 1 11    1.00000000E+00
11 2 21    1.00000000E+00
11 3 4    1.00000000E+00
11 3 27    1.41421356E+00
11 4 3    1.00000000E+00
11 4 29    1.41421356E+00
11 5 30    1.00000000E+00
11 7 8    1.00000000E+00
11 8 7    1.00000000E+00
11 10 11    1.41421356E+00
11 11 1    1.00000000E+00
11 11 10    1.41421356E+00
11 11 13    1.41421356E+00
11 12 14    1.00000000E+00
11 13 11    1.41421356E+00
11 14 12    1.00000000E+00
11 17 18    1.00000000E+00
11 18 17    1.00000000E+00
11 20 21    1.41421356E+00
11 21 2    1.00000000E+00
11 21 20    1.41421356E+00
11 21 23    1.41421356E+00
11 22 24    1.00000000E+00
11 23 21    1.41421356E+00
11 24 22    1.00000000E+00
11 26 27    1.73205081E+00
11 27 3    1.41421356E+00
11 27 26    1.73205081E+00
11 27 29    2.00000000E+00
11 28 30    1.41421356E+00
11 29 4    1.41421356E+00
11 29 27    2.00000000E+00
11 29 32    1.73205081E+00
11 30 5    1.00000000E+00
11 30 28    1.41421356E+00
11 30 33    1.41421356E+00
11 31 34    1.00000000E+00
11 32 29    1.73205081E+00
11 33 30    1.41421356E+00
11 34 31    1.00000000E+00
12 1 12    1.00000000E+00
12 2 22    1.00000000E+00
12 3 5    1.00000000E+00
12 3 28    1.41421356E+00
12 4 30    1.00000000E+00
12 5 3    1.00000000E+00
12 5 31    1.41421356E+00
12 7 9    1.00000000E+00
12 9 7    1.00000000E+00
12 10 12    1.41421356E+00
12 11 14    1.00000000E+00
12 12 1    1.00000000E+00
12 12 10    1.41421356E+00
12 12 15    1.41421356E+00
12 14 11    1.00000000E+00
12 15 12    1.41421356E+00
12 17 19    1.00000000E+00
12 19 17    1.00000000E+00
12 20 22    1.41421356E+00
12 21 24    1.00000000E+00
12 22 2    1.00000000E+00
12 22 20    1.41421356E+00
12 22 25    1.41421356E+00
12 24 21    1.00000000E+00
12 25 22    1.41421356E+00
12 26 28    1.73205081E+00
12 27 30    1.41421356E+00
12 28 3    1.41421356E+00
12 28 26    1.73205081E+00
12 28 31    2.00000000E+00
12 29 33    1.00000000E+00
12 30 4    1.00000000E+00
12 30 27    1.41421356E+00
12 30 34    1.41421356E+00
12 31 5    1.41421356E+00
12 31 28    2.00000000E+00
12 31 35    1.73205081E+00
12 33 29    1.00000000E+00
12 34 30    1.41421356E+00
12 35 31    1.73205081E+00
13 1 13    1.00000000E+00
13 2 23    1.00000000E+00
13 3 29    1.00000000E+00
13 4 4    1.41421356E+00
13 4 32    1.73205081E+00
13 5 33    1.00000000E+00
13 8 8    1.41421356E+00
13 11 11    1.41421356E+00
13 13 1    1.00000000E+00
13 13 13    2.82842712E+00
13 14 14    1.41421356E+00
13 18 18    1.41421356E+00
13 21 21    1.41421356E+00
13 23 2    1.00000000E+00
13 23 23    2.82842712E+00
13 24 24    1.41421356E+00
13 27 27    1.41421356E+00
13 29 3    1.00000000E+00
13 29 29    2.82842712E+00
13 30 30    1.41421356E+00
13 32 4    1.73205081E+00
13 32 32    4.24264069E+00
13 33 5    1.00000000E+00
13 33 33    2.82842712E+00
13 34 34    1.41421356E+00
14 1 14    1.00000000E+00
14 2 24    1.00000000E+00
14 3 30    1.00000000E+00
14 4 5    1.00000000E+00
14 4 33    1.41421356E+00
14 5 4    1.00000000E+00
14 5 34    1.41421356E+00
14 8 9    1.00000000E+00
14 9 8    1.00000000E+00
14 11 12    1.00000000E+00
14 12 11    1.00000000E+00
14 13 14    1.41421356E+00
14 14 1    1.00000000E+00
14 14 13    1.41421356E+00
14 14 15    1.41421356E+00
14 15 14    1.41421356E+00
14 18 19    1.00000000E+00
14 19 18    1.00000000E+00
14 21 22    1.00000000E+00
14 22 21    1.00000000E+00
14 23 24    1.41421356E+00
14 24 2    1.00000000E+00
14 24 23    1.41421356E+00
14 24 25    1.41421356E+00
14 25 24    1.41421356E+00
14 27 28    1.00000000E+00
14 28 27    1.00000000E+00
14 29 30    1.41421356E+00
14 30 3    1.00000000E+00
14 30 29    1.41421356E+00
14 30 31    1.41421356E+00
14 31 30    1.41421356E+00
14 32 33    1.73205081E+00
14 33 4    1.41421356E+00
14 33 32    1.73205081E+00
14 33 34    2.00000000E+00
14 34 5    1.41421356E+00
14 34 33    2.00000000E+00
14 34 35    1.73205081E+00
14 35 34    1.73205081E+00
15 1 15    1.00000000E+00
15 2 25    1.00000000E+00
15 3 31    1.00000000E+00
15 4 34    1.00000000E+00
15 5 5    1.41421356E+00
15 5 35    1.73205081E+00
15 9 9    1.41421356E+00
15 12 12    1.41421356E+00
15 14 14    1.41421356E+00
15 15 1    1.00000000E+00
15 15 15    2.82842712E+00
15 19 19    1.41421356E+00
15 22 22    1.41421356E+00
15 24 24    1.41421356E+00
15 25 2    1.00000000E+00
15 25 25    2.82842712E+00
15 28 28    1.41421356E+00
15 30 30    1.41421356E+00
15 31 3    1.00000000E+00
15 31 31    2.82842712E+00
15 33 33    1.41421356E+00
15 34 4    1.00000000E+00
15 34 34    2.82842712E+00
15 35 5    1.73205081E+00
15 35 35    4.24264069E+00
16 1 16    1.00000000E+00
16 2 6    1.73205081E+00
16 6 2    1.73205081E+00
16 6 16    4.24264069E+00
16 7 17    1.73205081E+00
16 8 18    1.73205081E+00
16 9 19    1.73205081E+00
16 16 1    1.00000000E+00
16 16 6    4.24264069E+00
16 17 7    1.73205081E+00
16 18 8    1.73205081E+00
16 19 9    1.73205081E+00
17 1 17    1.00000000E+00
17 2 7    1.41421356E+00
17 3 6    1.00000000E+00
17 6 3    1.00000000E+00
17 6 17    2.82842712E+00
17 7 2    1.41421356E+00
17 7 16    1.73205081E+00
17 7 20    2.00000000E+00
17 8 21    1.41421356E+00
17 9 22    1.41421356E+00
17 10 17    1.41421356E+00
17 11 18    1.00000000E+00
17 12 19    1.00000000E+00
17 16 7    1.73205081E+00
17 17 1    1.00000000E+00
17 17 6    2.82842712E+00
17 17 10    1.41421356E+00
17 18 11    1.00000000E+00
17 19 12    1.00000000E+00
17 20 7    2.00000000E+00
17 21 8    1.41421356E+00
17 22 9    1.41421356E+00
18 1 18    1.00000000E+00
18 2 8    1.41421356E+00
18 4 6    1.00000000E+00
18 6 4    1.00000000E+00
18 6 18    2.82842712E+00
18 7 21    1.41421356E+00
18 8 2    1.41421356E+00
18 8 16    1.73205081E+00
18 8 23    2.00000000E+00
18 9 24    1.41421356E+00
18 11 17    1.00000000E+00
18 13 18    1.41421356E+00
18 14 19    1.00000000E+00
18 16 8    1.73205081E+00
18 17 11    1.00000000E+00
18 18 1    1.00000000E+00
18 18 6    2.82842712E+00
18 18 13    1.41421356E+00
18 19 14    1.00000000E+00
18 21 7    1.41421356E+00
18 23 8    2.00000000E+00
18 24 9    1.41421356E+00
19 1 19    1.00000000E+00
19 2 9    1.41421356E+00
19 5 6    1.00000000E+00
19 6 5    1.00000000E+00
19 6 19    2.82842712E+00
19 7 22    1.41421356E+00
19 8 24    1.41421356E+00
19 9 2    1.41421356E+00
19 9 16    1.73205081E+00
19 9 25    2.00000000E+00
19 12 17    1.00000000E+00
19 14 18    1.00000000E+00
19 15 19    1.41421356E+00
19 16 9    1.73205081E+00
19 17 12    1.00000000E+00
19 18 14    1.00000000E+00
19 19 1    1.00000000E+00
19 19 6    2.82842712E+00
19 19 15    1.41421356E+00
19 22 7    1.41421356E+00
19 24 8    1.41421356E+00
19 25 9    2.00000000E+00
20 1 20    1.00000000E+00
20 2 10    1.00000000E+00
20 3 7    1.41421356E+00
20 6 20    1.41421356E+00
20 7 3    1.41421356E+00
20 7 17    2.00000000E+00
20 7 26    1.73205081E+00
20 8 27    1.00000000E+00
20 9 28    1.00000000E+00
20 10 2    1.00000000E+00
20 10 20    2.82842712E+00
20 11 21    1.41421356E+00
20 12 22    1.41421356E+00
20 17 7    2.00000000E+00
20 20 1    1.00000000E+00
20 20 6    1.41421356E+00
20 20 10    2.82842712E+00
20 21 11    1.41421356E+00
20 22 12    1.41421356E+00
20 26 7    1.73205081E+00
20 27 8    1.00000000E+00
20 28 9    1.00000000E+00
21 1 21    1.00000000E+00
21 2 11    1.00000000E+00
21 3 8    1.00000000E+00
21 4 7    1.00000000E+00
21 6 21    1.41421356E+00
21 7 4    1.00000000E+00
21 7 18    1.41421356E+00
21 7 27    1.41421356E+00
21 8 3    1.00000000E+00
21 8 17    1.41421356E+00
21 8 29    1.41421356E+00
21 9 30    1.00000000E+00
21 10 21    1.41421356E+00
21 11 2    1.00000000E+00
21 11 20    1.41421356E+00
21 11 23    1.41421356E+00
21 12 24    1.00000000E+00
21 13 21    1.41421356E+00
21 14 22    1.00000000E+00
21 17 8    1.41421356E+00
21 18 7    1.41421356E+00
21 20 11    1.41421356E+00
21 21 1    1.00000000E+00
21 21 6    1.41421356E+00
21 21 10    1.41421356E+00
21 21 13    1.41421356E+00
21 22 14    1.00000000E+00
21 23 11    1.41421356E+00
21 24 12    1.00000000E+00
21 27 7    1.41421356E+00
21 29 8    1.41421356E+00
21 30 9    1.00000000E+00
22 1 22    1.00000000E+00
22 2 12    1.00000000E+00
22 3 9    1.00000000E+00
22 5 7    1.00000000E+00
22 6 22    1.41421356E+00
22 7 5    1.00000000E+00
22 7 19    1.41421356E+00
22 7 28    1.41421356E+00
22 8 30    1.00000000E+00
22 9 3    1.00000000E+00
22 9 17    1.41421356E+00
22 9 31    1.41421356E+00
22 10 22    1.41421356E+00
22 11 24    1.00000000E+00
22 12 2    1.00000000E+00
22 12 20    1.41421356E+00
22 12 25    1.41421356E+00
22 14 21    1.00000000E+00
22 15 22    1.41421356E+00
22 17 9    1.41421356E+00
22 19 7    1.41421356E+00
22 20 12    1.41421356E+00
22 21 14    1.00000000E+00
22 22 1    1.00000000E+00
22 22 6    1.41421356E+00
22 22 10    1.41421356E+00
22 22 15    1.41421356E+00
22 24 11    1.00000000E+00
22 25 12    1.41421356E+00
22 28 7    1.41421356E+00
22 30 8    1.00000000E+00
22 31 9    1.41421356E+00
23 1 23    1.00000000E+00
23 2 13    1.00000000E+00
23 4 8    1.41421356E+00
23 6 23    1.41421356E+00
23 7 29    1.00000000E+00
23 8 4    1.41421356E+00
23 8 18    2.00000000E+00
23 8 32    1.73205081E+00
23 9 33    1.00000000E+00
23 11 21    1.41421356E+00
23 13 2    1.00000000E+00
23 13 23    2.82842712E+00
23 14 24    1.41421356E+00
23 18 8    2.00000000E+00
23 21 11    1.41421356E+00
23 23 1    1.00000000E+00
23 23 6    1.41421356E+00
23 23 13    2.82842712E+00
23 24 14    1.41421356E+00
23 29 7    1.00000000E+00
23 32 8    1.73205081E+00
23 33 9    1.00000000E+00
24 1 24    1.00000000E+00
24 2 14    1.00000000E+00
24 4 9    1.00000000E+00
24 5 8    1.00000000E+00
24 6 24    1.41421356E+00
24 7 30    1.00000000E+00
24 8 5    1.00000000E+00
24 8 19    1.41421356E+00
24 8 33    1.41421356E+00
24 9 4    1.00000000E+00
24 9 18    1.41421356E+00
24 9 34    1.41421356E+00
24 11 22    1.00000000E+00
24 12 21    1.00000000E+00
24 13 24    1.41421356E+00
24 14 2    1.00000000E+00
24 14 23    1.41421356E+00
24 14 25    1.41421356E+00
24 15 24    1.41421356E+00
24 18 9    1.41421356E+00
24 19 8    1.41421356E+00
24 21 12    1.00000000E+00
24 22 11    1.00000000E+00
24 23 14    1.41421356E+00
24 24 1    1.00000000E+00
24 24 6    1.41421356E+00
24 24 13    1.41421356E+00
24 24 15    1.41421356E+00
24 25 14    1.41421356E+00
24 30 7    1.00000000E+00
24 33 8    1.41421356E+00
24 34 9    1.41421356E+00
25 1 25    1.00000000E+00
25 2 15    1.00000000E+00
25 5 9    1.41421356E+00
25 6 25    1.41421356E+00
25 7 31    1.00000000E+00
25 8 34    1.00000000E+00
25 9 5    1.41421356E+00
25 9 19    2.00000000E+00
25 9 35    1.73205081E+00
25 12 22    1.41421356E+00
25 14 24    1.41421356E+00
25 15 2    1.00000000E+00
25 15 25    2.82842712E+00
25 19 9    2.00000000E+00
25 22 12    1.41421356E+00
25 24 14    1.41421356E+00
25 25 1    1.00000000E+00
25 25 6    1.41421356E+00
25 25 15    2.82842712E+00
25 31 7    1.00000000E+00
25 34 8    1.00000000E+00
25 35 9    1.73205081E+00
26 1 26    1.00000000E+00
26 3 10    1.73205081E+00
26 7 20    1.73205081E+00
26 10 3    1.73205081E+00
26 10 26    4.24264069E+00
26 11 27    1.73205081E+00
26 12 28    1.73205081E+00
26 20 7    1.73205081E+00
26 26 1    1.00000000E+00
26 26 10    4.24264069E+00
26 27 11    1.73205081E+00
26 28 12    1.73205081E+00
27 1 27    1.00000000E+00
27 3 11    1.41421356E+00
27 4 10    1.00000000E+00
27 7 21    1.41421356E+00
27 8 20    1.00000000E+00
27 10 4    1.00000000E+00
27 10 27    2.82842712E+00
27 11 3    1.41421356E+00
27 11 26    1.73205081E+00
27 11 29    2.00000000E+00
27 12 30    1.41421356E+00
27 13 27    1.41421356E+00
27 14 28    1.00000000E+00
27 20 8    1.00000000E+00
27 21 7    1.41421356E+00
27 26 11    1.73205081E+00
27 27 1    1.00000000E+00
27 27 10    2.82842712E+00
27 27 13    1.41421356E+00
27 28 14    1.00000000E+00
27 29 11    2.00000000E+00
27 30 12    1.41421356E+00
28 1 28    1.00000000E+00
28 3 12    1.41421356E+00
28 5 10    1.00000000E+00
28 7 22    1.41421356E+00
28 9 20    1.00000000E+00
28 10 5    1.00000000E+00
28 10 28    2.82842712E+00
28 11 30    1.41421356E+00
28 12 3    1.41421356E+00
28 12 26    1.73205081E+00
28 12 31    2.00000000E+00
28 14 27    1.00000000E+00
28 15 28    1.41421356E+00
28 20 9    1.00000000E+00
28 22 7    1.41421356E+00
28 26 12    1.73205081E+00
28 27 14    1.00000000E+00
28 28 1    1.00000000E+00
28 28 10    2.82842712E+00
28 28 15    1.41421356E+00
28 30 11    1.41421356E+00
28 31 12    2.00000000E+00
29 1 29    1.00000000E+00
29 3 13    1.00000000E+00
29 4 11    1.41421356E+00
29 7 23    1.00000000E+00
29 8 21    1.41421356E+00
29 10 29    1.41421356E+00
29 11 4    1.41421356E+00
29 11 27    2.00000000E+00
29 11 32    1.73205081E+00
29 12 33    1.00000000E+00
29 13 3    1.00000000E+00
29 13 29    2.82842712E+00
29 14 30    1.41421356E+00
29 21 8    1.41421356E+00
29 23 7    1.00000000E+00
29 27 11    2.00000000E+00
29 29 1    1.00000000E+00
29 29 10    1.41421356E+00
29 29 13    2.82842712E+00
29 30 14    1.41421356E+00
29 32 11    1.73205081E+00
29 33 12    1.00000000E+00
30 1 30    1.00000000E+00
30 3 14    1.00000000E+00
30 4 12    1.00000000E+00
30 5 11    1.00000000E+00
30 7 24    1.00000000E+00
30 8 22    1.00000000E+00
30 9 21    1.00000000E+00
30 10 30    1.41421356E+00
30 11 5    1.00000000E+00
30 11 28    1.41421356E+00
30 11 33    1.41421356E+00
30 12 4    1.00000000E+00
30 12 27    1.41421356E+00
30 12 34    1.41421356E+00
30 13 30    1.41421356E+00
30 14 3    1.00000000E+00
30 14 29    1.41421356E+00
30 14 31    1.41421356E+00
30 15 30    1.41421356E+00
30 21 9    1.00000000E+00
30 22 8    1.00000000E+00
30 24 7    1.00000000E+00
30 27 12    1.41421356E+00
30 28 11    1.41421356E+00
30 29 14    1.41421356E+00
30 30 1    1.00000000E+00
30 30 10    1.41421356E+00
30 30 13    1.41421356E+00
30 30 15    1.41421356E+00
30 31 14    1.41421356E+00
30 33 11    1.41421356E+00
30 34 12    1.41421356E+00
31 1 31    1.00000000E+00
31 3 15    1.00000000E+00
31 5 12    1.41421356E+00
31 7 25    1.00000000E+00
31 9 22    1.41421356E+00
31 10 31    1.41421356E+00
31 11 34    1.00000000E+00
31 12 5    1.41421356E+00
31 12 28    2.00000000E+00
31 12 35    1.73205081E+00
31 14 30    1.41421356E+00
31 15 3    1.00000000E+00
31 15 31    2.82842712E+00
31 22 9    1.41421356E+00
31 25 7    1.00000000E+00
31 28 12    2.00000000E+00
31 30 14    1.41421356E+00
31 31 1    1.00000000E+00
31 31 10    1.41421356E+00
31 31 15    2.82842712E+00
31 34 11    1.00000000E+00
31 35 12    1.73205081E+00
32 1 32    1.00000000E+00
32 4 13    1.73205081E+00
32 8 23    1.73205081E+00
32 11 29    1.73205081E+00
32 13 4    1.73205081E+00
32 13 32    4.24264069E+00
32 14 33    1.73205081E+00
32 23 8    1.73205081E+00
32 29 11    1.73205081E+00
32 32 1    1.00000000E+00
32 32 13    4.24264069E+00
32 33 14    1.73205081E+00
33 1 33    1.00000000E+00
33 4 14    1.41421356E+00
33 5 13    1.00000000E+00
33 8 24    1.41421356E+00
33 9 23    1.00000000E+00
33 11 30    1.41421356E+00
33 12 29    1.00000000E+00
33 13 5    1.00000000E+00
33 13 33    2.82842712E+00
33 14 4    1.41421356E+00
33 14 32    1.73205081E+00
33 14 34    2.00000000E+00
33 15 33    1.41421356E+00
33 23 9    1.00000000E+00
33 24 8    1.41421356E+00
33 29 12    1.00000000E+00
33 30 11    1.41421356E+00
33 32 14    1.73205081E+00
33 33 1    1.00000000E+00
33 33 13    2.82842712E+00
33 33 15    1.41421356E+00
33 34 14    2.00000000E+00
34 1 34    1.00000000E+00
34 4 15    1.00000000E+00
34 5 14    1.41421356E+00
34 8 25    1.00000000E+00
34 9 24    1.41421356E+00
34 11 31    1.00000000E+00
34 12 30    1.41421356E+00
34 13 34    1.41421356E+00
34 14 5    1.41421356E+00
34 14 33    2.00000000E+00
34 14 35    1.73205081E+00
34 15 4    1.00000000E+00
34 15 34    2.82842712E+00
34 24 9    1.41421356E+00
34 25 8    1.00000000E+00
34 30 12    1.41421356E+00
34 31 11    1.00000000E+00
34 33 14    2.00000000E+00
34 34 1    1.00000000E+00
34 34 13    1.41421356E+00
34 34 15    2.82842712E+00
34 35 14    1.73205081E+00
35 1 35    1.00000000E+00
35 5 15    1.73205081E+00
35 9 25    1.73205081E+00
35 12 31    1.73205081E+00
35 14 34    1.73205081E+00
35 15 5    1.73205081E+00
35 15 35    4.24264069E+00
35 25 9    1.73205081E+00
35 31 12    1.73205081E+00
35 34 14    1.73205081E+00
35 35 1    1.00000000E+00
35 35 15    4.24264069E+00
