596
1 1 1    1.00000000E+00
1 2 2    1.00000000E+00
1 3 3    1.00000000E+00
1 4 4    1.00000000E+00
1 5 5    1.00000000E+00
1 6 6    1.00000000E+00
1 7 7    1.00000000E+00
1 8 8    1.00000000E+00
1 9 9    1.00000000E+00
1 10 10    1.00000000E+00
1 11 11    1.00000000E+00
1 12 12    1.00000000E+00
1 13 13    1.00000000E+00
1 14 14    1.00000000E+00
1 15 15    1.00000000E+00
1 16 16    1.00000000E+00
1 17 17    1.00000000E+00
1 18 18    1.00000000E+00
1 19 19    1.00000000E+00
1 20 20    1.00000000E+00
1 21 21    1.00000000E+00
1 22 22    1.00000000E+00
1 23 23    1.00000000E+00
1 24 24    1.00000000E+00
1 25 25    1.00000000E+00
1 26 26    1.00000000E+00
1 27 27    1.00000000E+00
1 28 28    1.00000000E+00
1 29 29    1.00000000E+00
1 30 30    1.00000000E+00
1 31 31    1.00000000E+00
1 32 32    1.00000000E+00
1 33 33    1.00000000E+00
1 34 34    1.00000000E+00
1 35 35    1.00000000E+00
1 36 36    1.00000000E+00
2 1 2    1.00000000E+00
2 2 1    1.00000000E+00
2 2 9    1.41421356E+00
2 3 10    1.00000000E+00
2 4 11    1.00000000E+00
2 5 12    1.00000000E+00
2 6 13    1.00000000E+00
2 7 14    1.00000000E+00
2 8 15    1.00000000E+00
2 9 2    1.41421356E+00
2 10 3    1.00000000E+00
2 11 4    1.00000000E+00
2 12 5    1.00000000E+00
2 13 6    1.00000000E+00
2 14 7    1.00000000E+00
2 15 8    1.00000000E+00
3 1 3    1.00000000E+00
3 2 10    1.00000000E+00
3 3 1    1.00000000E+00
3 3 16    1.41421356E+00
3 4 17    1.00000000E+00
3 5 18    1.00000000E+00
3 6 19    1.00000000E+00
3 7 20    1.00000000E+00
3 8 21    1.00000000E+00
3 10 2    1.00000000E+00
3 16 3    1.41421356E+00
3 17 4    1.00000000E+00
3 18 5    1.00000000E+00
3 19 6    1.00000000E+00
3 20 7    1.00000000E+00
3 21 8    1.00000000E+00
4 1 4    1.00000000E+00
4 2 11    1.00000000E+00
4 3 17    1.00000000E+00
4 4 1    1.00000000E+00
4 4 22    1.41421356E+00
4 5 23    1.00000000E+00
4 6 24    1.00000000E+00
4 7 25    1.00000000E+00
4 8 26    1.00000000E+00
4 11 2    1.00000000E+00
4 17 3    1.00000000E+00
4 22 4    1.41421356E+00
4 23 5    1.00000000E+00
4 24 6    1.00000000E+00
4 25 7    1.00000000E+00
4 26 8    1.00000000E+00
5 1 5    1.00000000E+00
5 2 12    1.00000000E+00
5 3 18    1.00000000E+00
5 4 23    1.00000000E+00
5 5 1    1.00000000E+00
5 5 27    1.41421356E+00
5 6 28    1.00000000E+00
5 7 29    1.00000000E+00
5 8 30    1.00000000E+00
5 12 2    1.00000000E+00
5 18 3    1.00000000E+00
5 23 4    1.00000000E+00
5 27 5    1.41421356E+00
5 28 6    1.00000000E+00
5 29 7    1.00000000E+00
5 30 8    1.00000000E+00
6 1 6    1.00000000E+00
6 2 13    1.00000000E+00
6 3 19    1.00000000E+00
6 4 24    1.00000000E+00
6 5 28    1.00000000E+00
6 6 1    1.00000000E+00
6 6 31    1.41421356E+00
6 7 32    1.00000000E+00
6 8 33    1.00000000E+00
6 13 2    1.00000000E+00
6 19 3    1.00000000E+00
6 24 4    1.00000000E+00
6 28 5    1.00000000E+00
6 31 6    1.41421356E+00
6 32 7    1.00000000E+00
6 33 8    1.00000000E+00
7 1 7    1.00000000E+00
7 2 14    1.00000000E+00
7 3 20    1.00000000E+00
7 4 25    1.00000000E+00
7 5 29    1.00000000E+00
7 6 32    1.00000000E+00
7 7 1    1.00000000E+00
7 7 34    1.41421356E+00
7 8 35    1.00000000E+00
7 14 2    1.00000000E+00
7 20 3    1.00000000E+00
7 25 4    1.00000000E+00
7 29 5    1.00000000E+00
7 32 6    1.00000000E+00
7 34 7    1.41421356E+00
7 35 8    1.00000000E+00
8 1 8    1.00000000E+00
8 2 15    1.00000000E+00
8 3 21    1.00000000E+00
8 4 26    1.00000000E+00
8 5 30    1.00000000E+00
8 6 33    1.00000000E+00
8 7 35    1.00000000E+00
8 8 1    1.00000000E+00
8 8 36    1.41421356E+00
8 15 2    1.00000000E+00
8 21 3    1.00000000E+00
8 26 4    1.00000000E+00
8 30 5    1.00000000E+00
8 33 6    1.00000000E+00
8 35 7    1.00000000E+00
8 36 8    1.41421356E+00
9 1 9    1.00000000E+00
9 2 2    1.41421356E+00
9 9 1    1.00000000E+00
9 9 9    2.82842712E+00
9 10 10    1.41421356E+00
9 11 11    1.41421356E+00
9 12 12    1.41421356E+00
9 13 13    1.41421356E+00
9 14 14    1.41421356E+00
9 15 15    1.41421356E+00
10 1 10    1.00000000E+00
10 2 3    1.00000000E+00
10 3 2    1.00000000E+00
10 9 10    1.41421356E+00
10 10 1    1.00000000E+00
10 10 9    1.41421356E+00
10 10 16    1.41421356E+00
10 11 17    1.00000000E+00
10 12 18    1.00000000E+00
10 13 19    1.00000000E+00
10 14 20    1.00000000E+00
10 15 21    1.00000000E+00
10 16 10    1.41421356E+00
10 17 11    1.00000000E+00
10 18 12    1.00000000E+00
10 19 13    1.00000000E+00
10 20 14    1.00000000E+00
10 21 15    1.00000000E+00
11 1 11    1.00000000E+00
11 2 4    1.00000000E+00
11 4 2    1.00000000E+00
11 9 11    1.41421356E+00
11 10 17    1.00000000E+00
11 11 1    1.00000000E+00
11 11 9    1.41421356E+00
11 11 22    1.41421356E+00
11 12 23    1.00000000E+00
11 13 24    1.00000000E+00
11 14 25    1.00000000E+00
11 15 26    1.00000000E+00
11 17 10    1.00000000E+00
11 22 11    1.41421356E+00
11 23 12    1.00000000E+00
11 24 13    1.00000000E+00
11 25 14    1.00000000E+00
11 26 15    1.00000000E+00
12 1 12    1.00000000E+00
12 2 5    1.00000000E+00
12 5 2    1.00000000E+00
12 9 12    1.41421356E+00
12 10 18    1.00000000E+00
12 11 23    1.00000000E+00
12 12 1    1.00000000E+00
12 12 9    1.41421356E+00
12 12 27    1.41421356E+00
12 13 28    1.00000000E+00
12 14 29    1.00000000E+00
12 15 30    1.00000000E+00
12 18 10    1.00000000E+00
12 23 11    1.00000000E+00
12 27 12    1.41421356E+00
12 28 13    1.00000000E+00
12 29 14    1.00000000E+00
12 30 15    1.00000000E+00
13 1 13    1.00000000E+00
13 2 6    1.00000000E+00
13 6 2    1.00000000E+00
13 9 13    1.41421356E+00
13 10 19    1.00000000E+00
13 11 24    1.00000000E+00
13 12 28    1.00000000E+00
13 13 1    1.00000000E+00
13 13 9    1.41421356E+00
13 13 31    1.41421356E+00
13 14 32    1.00000000E+00
13 15 33    1.00000000E+00
13 19 10    1.00000000E+00
13 24 11    1.00000000E+00
13 28 12    1.00000000E+00
13 31 13    1.41421356E+00
13 32 14    1.00000000E+00
13 33 15    1.00000000E+00
14 1 14    1.00000000E+00
14 2 7    1.00000000E+00
14 7 2    1.00000000E+00
14 9 14    1.41421356E+00
14 10 20    1.00000000E+00
14 11 25    1.00000000E+00
14 12 29    1.00000000E+00
14 13 32    1.00000000E+00
14 14 1    1.00000000E+00
14 14 9    1.41421356E+00
14 14 34    1.41421356E+00
14 15 35    1.00000000E+00
14 20 10    1.00000000E+00
14 25 11    1.00000000E+00
14 29 12    1.00000000E+00
14 32 13    1.00000000E+00
14 34 14    1.41421356E+00
14 35 15    1.00000000E+00
15 1 15    1.00000000E+00
15 2 8    1.00000000E+00
15 8 2    1.00000000E+00
15 9 15    1.41421356E+00
15 10 21    1.00000000E+00
15 11 26    1.00000000E+00
15 12 30    1.00000000E+00
15 13 33    1.00000000E+00
15 14 35    1.00000000E+00
15 15 1    1.00000000E+00
15 15 9    1.41421356E+00
15 15 36    1.41421356E+00
15 21 10    1.00000000E+00
15 26 11    1.00000000E+00
15 30 12    1.00000000E+00
15 33 13    1.00000000E+00
15 35 14    1.00000000E+00
15 36 15    1.41421356E+00
16 1 16    1.00000000E+00
16 3 3    1.41421356E+00
16 10 10    1.41421356E+00
16 16 1    1.00000000E+00
16 16 16    2.82842712E+00
16 17 17    1.41421356E+00
16 18 18    1.41421356E+00
16 19 19    1.41421356E+00
16 20 20    1.41421356E+00
16 21 21    1.41421356E+00
17 1 17    1.00000000E+00
17 3 4    1.00000000E+00
17 4 3    1.00000000E+00
17 10 11    1.00000000E+00
17 11 10    1.00000000E+00
17 16 17    1.41421356E+00
17 17 1    1.00000000E+00
17 17 16    1.41421356E+00
17 17 22    1.41421356E+00
17 18 23    1.00000000E+00
17 19 24    1.00000000E+00
17 20 25    1.00000000E+00
17 21 26    1.00000000E+00
17 22 17    1.41421356E+00
17 23 18    1.00000000E+00
17 24 19    1.00000000E+00
17 25 20    1.00000000E+00
17 26 21    1.00000000E+00
18 1 18    1.00000000E+00
18 3 5    1.00000000E+00
18 5 3    1.00000000E+00
18 10 12    1.00000000E+00
18 12 10    1.00000000E+00
18 16 18    1.41421356E+00
18 17 23    1.00000000E+00
18 18 1    1.00000000E+00
18 18 16    1.41421356E+00
18 18 27    1.41421356E+00
18 19 28    1.00000000E+00
18 20 29    1.00000000E+00
18 21 30    1.00000000E+00
18 23 17    1.00000000E+00
18 27 18    1.41421356E+00
18 28 19    1.00000000E+00
18 29 20    1.00000000E+00
18 30 21    1.00000000E+00
19 1 19    1.00000000E+00
19 3 6    1.00000000E+00
19 6 3    1.00000000E+00
19 10 13    1.00000000E+00
19 13 10    1.00000000E+00
19 16 19    1.41421356E+00
19 17 24    1.00000000E+00
19 18 28    1.00000000E+00
19 19 1    1.00000000E+00
19 19 16    1.41421356E+00
19 19 31    1.41421356E+00
19 20 32    1.00000000E+00
19 21 33    1.00000000E+00
19 24 17    1.00000000E+00
19 28 18    1.00000000E+00
19 31 19    1.41421356E+00
19 32 20    1.00000000E+00
19 33 21    1.00000000E+00
20 1 20    1.00000000E+00
20 3 7    1.00000000E+00
20 7 3    1.00000000E+00
20 10 14    1.00000000E+00
20 14 10    1.00000000E+00
20 16 20    1.41421356E+00
20 17 25    1.00000000E+00
20 18 29    1.00000000E+00
20 19 32    1.00000000E+00
20 20 1    1.00000000E+00
20 20 16    1.41421356E+00
20 20 34    1.41421356E+00
20 21 35    1.00000000E+00
20 25 17    1.00000000E+00
20 29 18    1.00000000E+00
20 32 19    1.00000000E+00
20 34 20    1.41421356E+00
20 35 21    1.00000000E+00
21 1 21    1.00000000E+00
21 3 8    1.00000000E+00
21 8 3    1.00000000E+00
21 10 15    1.00000000E+00
21 15 10    1.00000000E+00
21 16 21    1.41421356E+00
21 17 26    1.00000000E+00
21 18 30    1.00000000E+00
21 19 33    1.00000000E+00
21 20 35    1.00000000E+00
21 21 1    1.00000000E+00
21 21 16    1.41421356E+00
21 21 36    1.41421356E+00
21 26 17    1.00000000E+00
21 30 18    1.00000000E+00
21 33 19    1.00000000E+00
21 35 20    1.00000000E+00
21 36 21    1.41421356E+00
22 1 22    1.00000000E+00
22 4 4    1.41421356E+00
22 11 11    1.41421356E+00
22 17 17    1.41421356E+00
22 22 1    1.00000000E+00
22 22 22    2.82842712E+00
22 23 23    1.41421356E+00
22 24 24    1.41421356E+00
22 25 25    1.41421356E+00
22 26 26    1.41421356E+00
23 1 23    1.00000000E+00
23 4 5    1.00000000E+00
23 5 4    1.00000000E+00
23 11 12    1.00000000E+00
23 12 11    1.00000000E+00
23 17 18    1.00000000E+00
23 18 17    1.00000000E+00
23 22 23    1.41421356E+00
23 23 1    1.00000000E+00
23 23 22    1.41421356E+00
23 23 27    1.41421356E+00
23 24 28    1.00000000E+00
23 25 29    1.00000000E+00
23 26 30    1.00000000E+00
23 27 23    1.41421356E+00
23 28 24    1.00000000E+00
23 29 25    1.00000000E+00
23 30 26    1.00000000E+00
24 1 24    1.00000000E+00
24 4 6    1.00000000E+00
24 6 4    1.00000000E+00
24 11 13    1.00000000E+00
24 13 11    1.00000000E+00
24 17 19    1.00000000E+00
24 19 17    1.00000000E+00
24 22 24    1.41421356E+00
24 23 28    1.00000000E+00
24 24 1    1.00000000E+00
24 24 22    1.41421356E+00
24 24 31    1.41421356E+00
24 25 32    1.00000000E+00
24 26 33    1.00000000E+00
24 28 23    1.00000000E+00
24 31 24    1.41421356E+00
24 32 25    1.00000000E+00
24 33 26    1.00000000E+00
25 1 25    1.00000000E+00
25 4 7    1.00000000E+00
25 7 4    1.00000000E+00
25 11 14    1.00000000E+00
25 14 11    1.00000000E+00
25 17 20    1.00000000E+00
25 20 17    1.00000000E+00
25 22 25    1.41421356E+00
25 23 29    1.00000000E+00
25 24 32    1.00000000E+00
25 25 1    1.00000000E+00
25 25 22    1.41421356E+00
25 25 34    1.41421356E+00
25 26 35    1.00000000E+00
25 29 23    1.00000000E+00
25 32 24    1.00000000E+00
25 34 25    1.41421356E+00
25 35 26    1.00000000E+00
26 1 26    1.00000000E+00
26 4 8    1.00000000E+00
26 8 4    1.00000000E+00
26 11 15    1.00000000E+00
26 15 11    1.00000000E+00
26 17 21    1.00000000E+00
26 21 17    1.00000000E+00
26 22 26    1.41421356E+00
26 23 30    1.00000000E+00
26 24 33    1.00000000E+00
26 25 35    1.00000000E+00
26 26 1    1.00000000E+00
26 26 22    1.41421356E+00
26 26 36    1.41421356E+00
26 30 23    1.00000000E+00
26 33 24    1.00000000E+00
26 35 25    1.00000000E+00
26 36 26    1.41421356E+00
27 1 27    1.00000000E+00
27 5 5    1.41421356E+00
27 12 12    1.41421356E+00
27 18 18    1.41421356E+00
27 23 23    1.41421356E+00
27 27 1    1.00000000E+00
27 27 27    2.82842712E+00
27 28 28    1.41421356E+00
27 29 29    1.41421356E+00
27 30 30    1.41421356E+00
28 1 28    1.00000000E+00
28 5 6    1.00000000E+00
28 6 5    1.00000000E+00
28 12 13    1.00000000E+00
28 13 12    1.00000000E+00
28 18 19    1.00000000E+00
28 19 18    1.00000000E+00
28 23 24    1.00000000E+00
28 24 23    1.00000000E+00
28 27 28    1.41421356E+00
28 28 1    1.00000000E+00
28 28 27    1.41421356E+00
28 28 31    1.41421356E+00
28 29 32    1.00000000E+00
28 30 33    1.00000000E+00
28 31 28    1.41421356E+00
28 32 29    1.00000000E+00
28 33 30    1.00000000E+00
29 1 29    1.00000000E+00
29 5 7    1.00000000E+00
29 7 5    1.00000000E+00
29 12 14    1.00000000E+00
29 14 12    1.00000000E+00
29 18 20    1.00000000E+00
29 20 18    1.00000000E+00
29 23 25    1.00000000E+00
29 25 23    1.00000000E+00
29 27 29    1.41421356E+00
29 28 32    1.00000000E+00
29 29 1    1.00000000E+00
29 29 27    1.41421356E+00
29 29 34    1.41421356E+00
29 30 35    1.00000000E+00
29 32 28    1.00000000E+00
29 34 29    1.41421356E+00
29 35 30    1.00000000E+00
30 1 30    1.00000000E+00
30 5 8    1.00000000E+00
30 8 5    1.00000000E+00
30 12 15    1.00000000E+00
30 15 12    1.00000000E+00
30 18 21    1.00000000E+00
30 21 18    1.00000000E+00
30 23 26    1.00000000E+00
30 26 23    1.00000000E+00
30 27 30    1.41421356E+00
30 28 33    1.00000000E+00
30 29 35    1.00000000E+00
30 30 1    1.00000000E+00
30 30 27    1.41421356E+00
30 30 36    1.41421356E+00
30 33 28    1.00000000E+00
30 35 29    1.00000000E+00
30 36 30    1.41421356E+00
31 1 31    1.00000000E+00
31 6 6    1.41421356E+00
31 13 13    1.41421356E+00
31 19 19    1.41421356E+00
31 24 24    1.41421356E+00
31 28 28    1.41421356E+00
31 31 1    1.00000000E+00
31 31 31    2.82842712E+00
31 32 32    1.41421356E+00
31 33 33    1.41421356E+00
32 1 32    1.00000000E+00
32 6 7    1.00000000E+00
32 7 6    1.00000000E+00
32 13 14    1.00000000E+00
32 14 13    1.00000000E+00
32 19 20    1.00000000E+00
32 20 19    1.00000000E+00
32 24 25    1.00000000E+00
32 25 24    1.00000000E+00
32 28 29    1.00000000E+00
32 29 28    1.00000000E+00
32 31 32    1.41421356E+00
32 32 1    1.00000000E+00
32 32 31    1.41421356E+00
32 32 34    1.41421356E+00
32 33 35    1.00000000E+00
32 34 32    1.41421356E+00
32 35 33    1.00000000E+00
33 1 33    1.00000000E+00
33 6 8    1.00000000E+00
33 8 6    1.00000000E+00
33 13 15    1.00000000E+00
33 15 13    1.00000000E+00
33 19 21    1.00000000E+00
33 21 19    1.00000000E+00
33 24 26    1.00000000E+00
33 26 24    1.00000000E+00
33 28 30    1.00000000E+00
33 30 28    1.00000000E+00
33 31 33    1.41421356E+00
33 32 35    1.00000000E+00
33 33 1    1.00000000E+00
33 33 31    1.41421356E+00
33 33 36    1.41421356E+00
33 35 32    1.00000000E+00
33 36 33    1.41421356E+00
34 1 34    1.00000000E+00
34 7 7    1.41421356E+00
34 14 14    1.41421356E+00
34 20 20    1.41421356E+00
34 25 25    1.41421356E+00
34 29 29    1.41421356E+00
34 32 32    1.41421356E+00
34 34 1    1.00000000E+00
34 34 34    2.82842712E+00
34 35 35    1.41421356E+00
35 1 35    1.00000000E+00
35 7 8    1.00000000E+00
35 8 7    1.00000000E+00
35 14 15    1.00000000E+00
35 15 14    1.00000000E+00
35 20 21    1.00000000E+00
35 21 20    1.00000000E+00
35 25 26    1.00000000E+00
35 26 25    1.00000000E+00
35 29 30    1.00000000E+00
35 30 29    1.00000000E+00
35 32 33    1.00000000E+00
35 33 32    1.00000000E+00
35 34 35    1.41421356E+00
35 35 1    1.00000000E+00
35 35 34    1.41421356E+00
35 35 36    1.41421356E+00
35 36 35    1.41421356E+00
36 1 36    1.00000000E+00
36 8 8    1.41421356E+00
36 15 15    1.41421356E+00
36 21 21    1.41421356E+00
36 26 26    1.41421356E+00
36 30 30    1.41421356E+00
36 33 33    1.41421356E+00
36 35 35    1.41421356E+00
36 36 1    1.00000000E+00
36 36 36    2.82842712E+00
