262
1 1 1    1.00000000E+00
1 2 2    1.00000000E+00
1 3 3    1.00000000E+00
1 4 4    1.00000000E+00
1 5 5    1.00000000E+00
1 6 6    1.00000000E+00
1 7 7    1.00000000E+00
1 8 8    1.00000000E+00
1 9 9    1.00000000E+00
1 10 10    1.00000000E+00
1 11 11    1.00000000E+00
2 1 2    1.00000000E+00
2 2 1    1.00000000E+00
2 2 3    1.41421356E+00
2 3 2    1.41421356E+00
2 3 4    1.73205081E+00
2 4 3    1.73205081E+00
2 4 5    2.00000000E+00
2 5 4    2.00000000E+00
2 5 6    2.23606798E+00
2 6 5    2.23606798E+00
2 6 7    2.44948974E+00
2 7 6    2.44948974E+00
2 7 8    2.64575131E+00
2 8 7    2.64575131E+00
2 8 9    2.82842712E+00
2 9 8    2.82842712E+00
2 9 10    3.00000000E+00
2 10 9    3.00000000E+00
2 10 11    3.16227766E+00
2 11 10    3.16227766E+00
3 1 3    1.00000000E+00
3 2 2    1.41421356E+00
3 2 4    1.73205081E+00
3 3 1    1.00000000E+00
3 3 3    2.82842712E+00
3 3 5    2.44948974E+00
3 4 2    1.73205081E+00
3 4 4    4.24264069E+00
3 4 6    3.16227766E+00
3 5 3    2.44948974E+00
3 5 5    5.65685425E+00
3 5 7    3.87298335E+00
3 6 4    3.16227766E+00
3 6 6    7.07106781E+00
3 6 8    4.58257569E+00
3 7 5    3.87298335E+00
3 7 7    8.48528137E+00
3 7 9    5.29150262E+00
3 8 6    4.58257569E+00
3 8 8    9.89949494E+00
3 8 10    6.00000000E+00
3 9 7    5.29150262E+00
3 9 9    1.13137085E+01
3 9 11    6.70820393E+00
3 10 8    6.00000000E+00
3 10 10    1.27279221E+01
3 11 9    6.70820393E+00
3 11 11    1.41421356E+01
4 1 4    1.00000000E+00
4 2 3    1.73205081E+00
4 2 5    2.00000000E+00
4 3 2    1.73205081E+00
4 3 4    4.24264069E+00
4 3 6    3.16227766E+00
4 4 1    1.00000000E+00
4 4 3    4.24264069E+00
4 4 5    7.34846923E+00
4 4 7    4.47213595E+00
4 5 2    2.00000000E+00
4 5 4    7.34846923E+00
4 5 6    1.09544512E+01
4 5 8    5.91607978E+00
4 6 3    3.16227766E+00
4 6 5    1.09544512E+01
4 6 7    1.50000000E+01
4 6 9    7.48331477E+00
4 7 4    4.47213595E+00
4 7 6    1.50000000E+01
4 7 8    1.94422221E+01
4 7 10    9.16515139E+00
4 8 5    5.91607978E+00
4 8 7    1.94422221E+01
4 8 9    2.42487113E+01
4 8 11    1.09544512E+01
4 9 6    7.48331477E+00
4 9 8    2.42487113E+01
4 9 10    2.93938769E+01
4 10 7    9.16515139E+00
4 10 9    2.93938769E+01
4 10 11    3.48568501E+01
4 11 8    1.09544512E+01
4 11 10    3.48568501E+01
5 1 5    1.00000000E+00
5 2 4    2.00000000E+00
5 2 6    2.23606798E+00
5 3 3    2.44948974E+00
5 3 5    5.65685425E+00
5 3 7    3.87298335E+00
5 4 2    2.00000000E+00
5 4 4    7.34846923E+00
5 4 6    1.09544512E+01
5 4 8    5.91607978E+00
5 5 1    1.00000000E+00
5 5 3    5.65685425E+00
5 5 5    1.46969385E+01
5 5 7    1.78885438E+01
5 5 9    8.36660027E+00
5 6 2    2.23606798E+00
5 6 4    1.09544512E+01
5 6 6    2.44948974E+01
5 6 8    2.64575131E+01
5 6 10    1.12249722E+01
5 7 3    3.87298335E+00
5 7 5    1.78885438E+01
5 7 7    3.67423461E+01
5 7 9    3.66606056E+01
5 7 11    1.44913767E+01
5 8 4    5.91607978E+00
5 8 6    2.64575131E+01
5 8 8    5.14392846E+01
5 8 10    4.84974226E+01
5 9 5    8.36660027E+00
5 9 7    3.66606056E+01
5 9 9    6.85857128E+01
5 9 11    6.19677335E+01
5 10 6    1.12249722E+01
5 10 8    4.84974226E+01
5 10 10    8.81816307E+01
5 11 7    1.44913767E+01
5 11 9    6.19677335E+01
5 11 11    1.10227038E+02
6 1 6    1.00000000E+00
6 2 5    2.23606798E+00
6 2 7    2.44948974E+00
6 3 4    3.16227766E+00
6 3 6    7.07106781E+00
6 3 8    4.58257569E+00
6 4 3    3.16227766E+00
6 4 5    1.09544512E+01
6 4 7    1.50000000E+01
6 4 9    7.48331477E+00
6 5 2    2.23606798E+00
6 5 4    1.09544512E+01
6 5 6    2.44948974E+01
6 5 8    2.64575131E+01
6 5 10    1.12249722E+01
6 6 1    1.00000000E+00
6 6 3    7.07106781E+00
6 6 5    2.44948974E+01
6 6 7    4.47213595E+01
6 6 9    4.18330013E+01
6 6 11    1.58745079E+01
6 7 2    2.44948974E+00
6 7 4    1.50000000E+01
6 7 6    4.47213595E+01
6 7 8    7.24568837E+01
6 7 10    6.14817046E+01
6 8 3    4.58257569E+00
6 8 5    2.64575131E+01
6 8 7    7.24568837E+01
6 8 9    1.08443534E+02
6 8 11    8.57321410E+01
6 9 4    7.48331477E+00
6 9 6    4.18330013E+01
6 9 8    1.08443534E+02
6 9 10    1.53362316E+02
6 10 5    1.12249722E+01
6 10 7    6.14817046E+01
6 10 9    1.53362316E+02
6 10 11    2.07846097E+02
6 11 6    1.58745079E+01
6 11 8    8.57321410E+01
6 11 10    2.07846097E+02
7 1 7    1.00000000E+00
7 2 6    2.44948974E+00
7 2 8    2.64575131E+00
7 3 5    3.87298335E+00
7 3 7    8.48528137E+00
7 3 9    5.29150262E+00
7 4 4    4.47213595E+00
7 4 6    1.50000000E+01
7 4 8    1.94422221E+01
7 4 10    9.16515139E+00
7 5 3    3.87298335E+00
7 5 5    1.78885438E+01
7 5 7    3.67423461E+01
7 5 9    3.66606056E+01
7 5 11    1.44913767E+01
7 6 2    2.44948974E+00
7 6 4    1.50000000E+01
7 6 6    4.47213595E+01
7 6 8    7.24568837E+01
7 6 10    6.14817046E+01
7 7 1    1.00000000E+00
7 7 3    8.48528137E+00
7 7 5    3.67423461E+01
7 7 7    8.94427191E+01
7 7 9    1.25499004E+02
7 7 11    9.52470472E+01
7 8 2    2.64575131E+00
7 8 4    1.94422221E+01
7 8 6    7.24568837E+01
7 8 8    1.56524758E+02
7 8 10    1.99223493E+02
7 9 3    5.29150262E+00
7 9 5    3.66606056E+01
7 9 7    1.25499004E+02
7 9 9    2.50439613E+02
7 9 11    2.96984848E+02
7 10 4    9.16515139E+00
7 10 6    6.14817046E+01
7 10 8    1.99223493E+02
7 10 10    3.75659420E+02
7 11 5    1.44913767E+01
7 11 7    9.52470472E+01
7 11 9    2.96984848E+02
7 11 11    5.36656315E+02
8 1 8    1.00000000E+00
8 2 7    2.64575131E+00
8 2 9    2.82842712E+00
8 3 6    4.58257569E+00
8 3 8    9.89949494E+00
8 3 10    6.00000000E+00
8 4 5    5.91607978E+00
8 4 7    1.94422221E+01
8 4 9    2.42487113E+01
8 4 11    1.09544512E+01
8 5 4    5.91607978E+00
8 5 6    2.64575131E+01
8 5 8    5.14392846E+01
8 5 10    4.84974226E+01
8 6 3    4.58257569E+00
8 6 5    2.64575131E+01
8 6 7    7.24568837E+01
8 6 9    1.08443534E+02
8 6 11    8.57321410E+01
8 7 2    2.64575131E+00
8 7 4    1.94422221E+01
8 7 6    7.24568837E+01
8 7 8    1.56524758E+02
8 7 10    1.99223493E+02
8 8 1    1.00000000E+00
8 8 3    9.89949494E+00
8 8 5    5.14392846E+01
8 8 7    1.56524758E+02
8 8 9    2.92831009E+02
8 8 11    3.33364665E+02
8 9 2    2.82842712E+00
8 9 4    2.42487113E+01
8 9 6    1.08443534E+02
8 9 8    2.92831009E+02
8 9 10    4.96950702E+02
8 10 3    6.00000000E+00
8 10 5    4.84974226E+01
8 10 7    1.99223493E+02
8 10 9    4.96950702E+02
8 10 11    7.85748051E+02
8 11 4    1.09544512E+01
8 11 6    8.57321410E+01
8 11 8    3.33364665E+02
8 11 10    7.85748051E+02
