82
1 1 1    1.00000000E+00
1 2 2    1.00000000E+00
1 3 3    1.00000000E+00
1 4 4    1.00000000E+00
1 5 5    1.00000000E+00
1 6 6    1.00000000E+00
1 7 7    1.00000000E+00
1 8 8    1.00000000E+00
1 9 9    1.00000000E+00
1 10 10    1.00000000E+00
2 1 2    1.00000000E+00
2 2 1    1.00000000E+00
2 2 5    1.41421356E+00
2 3 6    1.00000000E+00
2 4 7    1.00000000E+00
2 5 2    1.41421356E+00
2 6 3    1.00000000E+00
2 7 4    1.00000000E+00
3 1 3    1.00000000E+00
3 2 6    1.00000000E+00
3 3 1    1.00000000E+00
3 3 8    1.41421356E+00
3 4 9    1.00000000E+00
3 6 2    1.00000000E+00
3 8 3    1.41421356E+00
3 9 4    1.00000000E+00
4 1 4    1.00000000E+00
4 2 7    1.00000000E+00
4 3 9    1.00000000E+00
4 4 1    1.00000000E+00
4 4 10    1.41421356E+00
4 7 2    1.00000000E+00
4 9 3    1.00000000E+00
4 10 4    1.41421356E+00
5 1 5    1.00000000E+00
5 2 2    1.41421356E+00
5 5 1    1.00000000E+00
5 5 5    2.82842712E+00
5 6 6    1.41421356E+00
5 7 7    1.41421356E+00
6 1 6    1.00000000E+00
6 2 3    1.00000000E+00
6 3 2    1.00000000E+00
6 5 6    1.41421356E+00
6 6 1    1.00000000E+00
6 6 5    1.41421356E+00
6 6 8    1.41421356E+00
6 7 9    1.00000000E+00
6 8 6    1.41421356E+00
6 9 7    1.00000000E+00
7 1 7    1.00000000E+00
7 2 4    1.00000000E+00
7 4 2    1.00000000E+00
7 5 7    1.41421356E+00
7 6 9    1.00000000E+00
7 7 1    1.00000000E+00
7 7 5    1.41421356E+00
7 7 10    1.41421356E+00
7 9 6    1.00000000E+00
7 10 7    1.41421356E+00
8 1 8    1.00000000E+00
8 3 3    1.41421356E+00
8 6 6    1.41421356E+00
8 8 1    1.00000000E+00
8 8 8    2.82842712E+00
8 9 9    1.41421356E+00
9 1 9    1.00000000E+00
9 3 4    1.00000000E+00
9 4 3    1.00000000E+00
9 6 7    1.00000000E+00
9 7 6    1.00000000E+00
9 8 9    1.41421356E+00
9 9 1    1.00000000E+00
9 9 8    1.41421356E+00
9 9 10    1.41421356E+00
9 10 9    1.41421356E+00
10 1 10    1.00000000E+00
10 4 4    1.41421356E+00
10 7 7    1.41421356E+00
10 9 9    1.41421356E+00
10 10 1    1.00000000E+00
10 10 10    2.82842712E+00
