151
1 1 1    1.00000000E+00
1 2 2    1.00000000E+00
1 3 3    1.00000000E+00
1 4 4    1.00000000E+00
1 5 5    1.00000000E+00
1 6 6    1.00000000E+00
1 7 7    1.00000000E+00
1 8 8    1.00000000E+00
1 9 9    1.00000000E+00
1 10 10    1.00000000E+00
1 11 11    1.00000000E+00
1 12 12    1.00000000E+00
1 13 13    1.00000000E+00
1 14 14    1.00000000E+00
1 15 15    1.00000000E+00
1 16 16    1.00000000E+00
1 17 17    1.00000000E+00
1 18 18    1.00000000E+00
1 19 19    1.00000000E+00
1 20 20    1.00000000E+00
1 21 21    1.00000000E+00
1 22 22    1.00000000E+00
1 23 23    1.00000000E+00
1 24 24    1.00000000E+00
1 25 25    1.00000000E+00
1 26 26    1.00000000E+00
1 27 27    1.00000000E+00
1 28 28    1.00000000E+00
1 29 29    1.00000000E+00
1 30 30    1.00000000E+00
1 31 31    1.00000000E+00
1 32 32    1.00000000E+00
1 33 33    1.00000000E+00
1 34 34    1.00000000E+00
1 35 35    1.00000000E+00
1 36 36    1.00000000E+00
1 37 37    1.00000000E+00
1 38 38    1.00000000E+00
1 39 39    1.00000000E+00
1 40 40    1.00000000E+00
1 41 41    1.00000000E+00
1 42 42    1.00000000E+00
1 43 43    1.00000000E+00
1 44 44    1.00000000E+00
1 45 45    1.00000000E+00
1 46 46    1.00000000E+00
1 47 47    1.00000000E+00
1 48 48    1.00000000E+00
1 49 49    1.00000000E+00
1 50 50    1.00000000E+00
1 51 51    1.00000000E+00
2 1 2    1.00000000E+00
2 2 1    1.00000000E+00
3 1 3    1.00000000E+00
3 3 1    1.00000000E+00
4 1 4    1.00000000E+00
4 4 1    1.00000000E+00
5 1 5    1.00000000E+00
5 5 1    1.00000000E+00
6 1 6    1.00000000E+00
6 6 1    1.00000000E+00
7 1 7    1.00000000E+00
7 7 1    1.00000000E+00
8 1 8    1.00000000E+00
8 8 1    1.00000000E+00
9 1 9    1.00000000E+00
9 9 1    1.00000000E+00
10 1 10    1.00000000E+00
10 10 1    1.00000000E+00
11 1 11    1.00000000E+00
11 11 1    1.00000000E+00
12 1 12    1.00000000E+00
12 12 1    1.00000000E+00
13 1 13    1.00000000E+00
13 13 1    1.00000000E+00
14 1 14    1.00000000E+00
14 14 1    1.00000000E+00
15 1 15    1.00000000E+00
15 15 1    1.00000000E+00
16 1 16    1.00000000E+00
16 16 1    1.00000000E+00
17 1 17    1.00000000E+00
17 17 1    1.00000000E+00
18 1 18    1.00000000E+00
18 18 1    1.00000000E+00
19 1 19    1.00000000E+00
19 19 1    1.00000000E+00
20 1 20    1.00000000E+00
20 20 1    1.00000000E+00
21 1 21    1.00000000E+00
21 21 1    1.00000000E+00
22 1 22    1.00000000E+00
22 22 1    1.00000000E+00
23 1 23    1.00000000E+00
23 23 1    1.00000000E+00
24 1 24    1.00000000E+00
24 24 1    1.00000000E+00
25 1 25    1.00000000E+00
25 25 1    1.00000000E+00
26 1 26    1.00000000E+00
26 26 1    1.00000000E+00
27 1 27    1.00000000E+00
27 27 1    1.00000000E+00
28 1 28    1.00000000E+00
28 28 1    1.00000000E+00
29 1 29    1.00000000E+00
29 29 1    1.00000000E+00
30 1 30    1.00000000E+00
30 30 1    1.00000000E+00
31 1 31    1.00000000E+00
31 31 1    1.00000000E+00
32 1 32    1.00000000E+00
32 32 1    1.00000000E+00
33 1 33    1.00000000E+00
33 33 1    1.00000000E+00
34 1 34    1.00000000E+00
34 34 1    1.00000000E+00
35 1 35    1.00000000E+00
35 35 1    1.00000000E+00
36 1 36    1.00000000E+00
36 36 1    1.00000000E+00
37 1 37    1.00000000E+00
37 37 1    1.00000000E+00
38 1 38    1.00000000E+00
38 38 1    1.00000000E+00
39 1 39    1.00000000E+00
39 39 1    1.00000000E+00
40 1 40    1.00000000E+00
40 40 1    1.00000000E+00
41 1 41    1.00000000E+00
41 41 1    1.00000000E+00
42 1 42    1.00000000E+00
42 42 1    1.00000000E+00
43 1 43    1.00000000E+00
43 43 1    1.00000000E+00
44 1 44    1.00000000E+00
44 44 1    1.00000000E+00
45 1 45    1.00000000E+00
45 45 1    1.00000000E+00
46 1 46    1.00000000E+00
46 46 1    1.00000000E+00
47 1 47    1.00000000E+00
47 47 1    1.00000000E+00
48 1 48    1.00000000E+00
48 48 1    1.00000000E+00
49 1 49    1.00000000E+00
49 49 1    1.00000000E+00
50 1 50    1.00000000E+00
50 50 1    1.00000000E+00
51 1 51    1.00000000E+00
51 51 1    1.00000000E+00
