1135
1 1 1    1.00000000E+00
1 2 2    1.00000000E+00
1 3 3    1.00000000E+00
1 4 4    1.00000000E+00
1 5 5    1.00000000E+00
1 6 6    1.00000000E+00
1 7 7    1.00000000E+00
1 8 8    1.00000000E+00
1 9 9    1.00000000E+00
1 10 10    1.00000000E+00
1 11 11    1.00000000E+00
1 12 12    1.00000000E+00
1 13 13    1.00000000E+00
1 14 14    1.00000000E+00
1 15 15    1.00000000E+00
1 16 16    1.00000000E+00
1 17 17    1.00000000E+00
1 18 18    1.00000000E+00
1 19 19    1.00000000E+00
1 20 20    1.00000000E+00
1 21 21    1.00000000E+00
1 22 22    1.00000000E+00
1 23 23    1.00000000E+00
1 24 24    1.00000000E+00
1 25 25    1.00000000E+00
1 26 26    1.00000000E+00
1 27 27    1.00000000E+00
1 28 28    1.00000000E+00
1 29 29    1.00000000E+00
1 30 30    1.00000000E+00
1 31 31    1.00000000E+00
1 32 32    1.00000000E+00
1 33 33    1.00000000E+00
1 34 34    1.00000000E+00
1 35 35    1.00000000E+00
1 36 36    1.00000000E+00
1 37 37    1.00000000E+00
1 38 38    1.00000000E+00
1 39 39    1.00000000E+00
1 40 40    1.00000000E+00
1 41 41    1.00000000E+00
1 42 42    1.00000000E+00
1 43 43    1.00000000E+00
1 44 44    1.00000000E+00
1 45 45    1.00000000E+00
1 46 46    1.00000000E+00
1 47 47    1.00000000E+00
1 48 48    1.00000000E+00
1 49 49    1.00000000E+00
1 50 50    1.00000000E+00
1 51 51    1.00000000E+00
1 52 52    1.00000000E+00
1 53 53    1.00000000E+00
1 54 54    1.00000000E+00
1 55 55    1.00000000E+00
2 1 2    1.00000000E+00
2 2 1    1.00000000E+00
2 2 11    1.41421356E+00
2 3 12    1.00000000E+00
2 4 13    1.00000000E+00
2 5 14    1.00000000E+00
2 6 15    1.00000000E+00
2 7 16    1.00000000E+00
2 8 17    1.00000000E+00
2 9 18    1.00000000E+00
2 10 19    1.00000000E+00
2 11 2    1.41421356E+00
2 12 3    1.00000000E+00
2 13 4    1.00000000E+00
2 14 5    1.00000000E+00
2 15 6    1.00000000E+00
2 16 7    1.00000000E+00
2 17 8    1.00000000E+00
2 18 9    1.00000000E+00
2 19 10    1.00000000E+00
3 1 3    1.00000000E+00
3 2 12    1.00000000E+00
3 3 1    1.00000000E+00
3 3 20    1.41421356E+00
3 4 21    1.00000000E+00
3 5 22    1.00000000E+00
3 6 23    1.00000000E+00
3 7 24    1.00000000E+00
3 8 25    1.00000000E+00
3 9 26    1.00000000E+00
3 10 27    1.00000000E+00
3 12 2    1.00000000E+00
3 20 3    1.41421356E+00
3 21 4    1.00000000E+00
3 22 5    1.00000000E+00
3 23 6    1.00000000E+00
3 24 7    1.00000000E+00
3 25 8    1.00000000E+00
3 26 9    1.00000000E+00
3 27 10    1.00000000E+00
4 1 4    1.00000000E+00
4 2 13    1.00000000E+00
4 3 21    1.00000000E+00
4 4 1    1.00000000E+00
4 4 28    1.41421356E+00
4 5 29    1.00000000E+00
4 6 30    1.00000000E+00
4 7 31    1.00000000E+00
4 8 32    1.00000000E+00
4 9 33    1.00000000E+00
4 10 34    1.00000000E+00
4 13 2    1.00000000E+00
4 21 3    1.00000000E+00
4 28 4    1.41421356E+00
4 29 5    1.00000000E+00
4 30 6    1.00000000E+00
4 31 7    1.00000000E+00
4 32 8    1.00000000E+00
4 33 9    1.00000000E+00
4 34 10    1.00000000E+00
5 1 5    1.00000000E+00
5 2 14    1.00000000E+00
5 3 22    1.00000000E+00
5 4 29    1.00000000E+00
5 5 1    1.00000000E+00
5 5 35    1.41421356E+00
5 6 36    1.00000000E+00
5 7 37    1.00000000E+00
5 8 38    1.00000000E+00
5 9 39    1.00000000E+00
5 10 40    1.00000000E+00
5 14 2    1.00000000E+00
5 22 3    1.00000000E+00
5 29 4    1.00000000E+00
5 35 5    1.41421356E+00
5 36 6    1.00000000E+00
5 37 7    1.00000000E+00
5 38 8    1.00000000E+00
5 39 9    1.00000000E+00
5 40 10    1.00000000E+00
6 1 6    1.00000000E+00
6 2 15    1.00000000E+00
6 3 23    1.00000000E+00
6 4 30    1.00000000E+00
6 5 36    1.00000000E+00
6 6 1    1.00000000E+00
6 6 41    1.41421356E+00
6 7 42    1.00000000E+00
6 8 43    1.00000000E+00
6 9 44    1.00000000E+00
6 10 45    1.00000000E+00
6 15 2    1.00000000E+00
6 23 3    1.00000000E+00
6 30 4    1.00000000E+00
6 36 5    1.00000000E+00
6 41 6    1.41421356E+00
6 42 7    1.00000000E+00
6 43 8    1.00000000E+00
6 44 9    1.00000000E+00
6 45 10    1.00000000E+00
7 1 7    1.00000000E+00
7 2 16    1.00000000E+00
7 3 24    1.00000000E+00
7 4 31    1.00000000E+00
7 5 37    1.00000000E+00
7 6 42    1.00000000E+00
7 7 1    1.00000000E+00
7 7 46    1.41421356E+00
7 8 47    1.00000000E+00
7 9 48    1.00000000E+00
7 10 49    1.00000000E+00
7 16 2    1.00000000E+00
7 24 3    1.00000000E+00
7 31 4    1.00000000E+00
7 37 5    1.00000000E+00
7 42 6    1.00000000E+00
7 46 7    1.41421356E+00
7 47 8    1.00000000E+00
7 48 9    1.00000000E+00
7 49 10    1.00000000E+00
8 1 8    1.00000000E+00
8 2 17    1.00000000E+00
8 3 25    1.00000000E+00
8 4 32    1.00000000E+00
8 5 38    1.00000000E+00
8 6 43    1.00000000E+00
8 7 47    1.00000000E+00
8 8 1    1.00000000E+00
8 8 50    1.41421356E+00
8 9 51    1.00000000E+00
8 10 52    1.00000000E+00
8 17 2    1.00000000E+00
8 25 3    1.00000000E+00
8 32 4    1.00000000E+00
8 38 5    1.00000000E+00
8 43 6    1.00000000E+00
8 47 7    1.00000000E+00
8 50 8    1.41421356E+00
8 51 9    1.00000000E+00
8 52 10    1.00000000E+00
9 1 9    1.00000000E+00
9 2 18    1.00000000E+00
9 3 26    1.00000000E+00
9 4 33    1.00000000E+00
9 5 39    1.00000000E+00
9 6 44    1.00000000E+00
9 7 48    1.00000000E+00
9 8 51    1.00000000E+00
9 9 1    1.00000000E+00
9 9 53    1.41421356E+00
9 10 54    1.00000000E+00
9 18 2    1.00000000E+00
9 26 3    1.00000000E+00
9 33 4    1.00000000E+00
9 39 5    1.00000000E+00
9 44 6    1.00000000E+00
9 48 7    1.00000000E+00
9 51 8    1.00000000E+00
9 53 9    1.41421356E+00
9 54 10    1.00000000E+00
10 1 10    1.00000000E+00
10 2 19    1.00000000E+00
10 3 27    1.00000000E+00
10 4 34    1.00000000E+00
10 5 40    1.00000000E+00
10 6 45    1.00000000E+00
10 7 49    1.00000000E+00
10 8 52    1.00000000E+00
10 9 54    1.00000000E+00
10 10 1    1.00000000E+00
10 10 55    1.41421356E+00
10 19 2    1.00000000E+00
10 27 3    1.00000000E+00
10 34 4    1.00000000E+00
10 40 5    1.00000000E+00
10 45 6    1.00000000E+00
10 49 7    1.00000000E+00
10 52 8    1.00000000E+00
10 54 9    1.00000000E+00
10 55 10    1.41421356E+00
11 1 11    1.00000000E+00
11 2 2    1.41421356E+00
11 11 1    1.00000000E+00
11 11 11    2.82842712E+00
11 12 12    1.41421356E+00
11 13 13    1.41421356E+00
11 14 14    1.41421356E+00
11 15 15    1.41421356E+00
11 16 16    1.41421356E+00
11 17 17    1.41421356E+00
11 18 18    1.41421356E+00
11 19 19    1.41421356E+00
12 1 12    1.00000000E+00
12 2 3    1.00000000E+00
12 3 2    1.00000000E+00
12 11 12    1.41421356E+00
12 12 1    1.00000000E+00
12 12 11    1.41421356E+00
12 12 20    1.41421356E+00
12 13 21    1.00000000E+00
12 14 22    1.00000000E+00
12 15 23    1.00000000E+00
12 16 24    1.00000000E+00
12 17 25    1.00000000E+00
12 18 26    1.00000000E+00
12 19 27    1.00000000E+00
12 20 12    1.41421356E+00
12 21 13    1.00000000E+00
12 22 14    1.00000000E+00
12 23 15    1.00000000E+00
12 24 16    1.00000000E+00
12 25 17    1.00000000E+00
12 26 18    1.00000000E+00
12 27 19    1.00000000E+00
13 1 13    1.00000000E+00
13 2 4    1.00000000E+00
13 4 2    1.00000000E+00
13 11 13    1.41421356E+00
13 12 21    1.00000000E+00
13 13 1    1.00000000E+00
13 13 11    1.41421356E+00
13 13 28    1.41421356E+00
13 14 29    1.00000000E+00
13 15 30    1.00000000E+00
13 16 31    1.00000000E+00
13 17 32    1.00000000E+00
13 18 33    1.00000000E+00
13 19 34    1.00000000E+00
13 21 12    1.00000000E+00
13 28 13    1.41421356E+00
13 29 14    1.00000000E+00
13 30 15    1.00000000E+00
13 31 16    1.00000000E+00
13 32 17    1.00000000E+00
13 33 18    1.00000000E+00
13 34 19    1.00000000E+00
14 1 14    1.00000000E+00
14 2 5    1.00000000E+00
14 5 2    1.00000000E+00
14 11 14    1.41421356E+00
14 12 22    1.00000000E+00
14 13 29    1.00000000E+00
14 14 1    1.00000000E+00
14 14 11    1.41421356E+00
14 14 35    1.41421356E+00
14 15 36    1.00000000E+00
14 16 37    1.00000000E+00
14 17 38    1.00000000E+00
14 18 39    1.00000000E+00
14 19 40    1.00000000E+00
14 22 12    1.00000000E+00
14 29 13    1.00000000E+00
14 35 14    1.41421356E+00
14 36 15    1.00000000E+00
14 37 16    1.00000000E+00
14 38 17    1.00000000E+00
14 39 18    1.00000000E+00
14 40 19    1.00000000E+00
15 1 15    1.00000000E+00
15 2 6    1.00000000E+00
15 6 2    1.00000000E+00
15 11 15    1.41421356E+00
15 12 23    1.00000000E+00
15 13 30    1.00000000E+00
15 14 36    1.00000000E+00
15 15 1    1.00000000E+00
15 15 11    1.41421356E+00
15 15 41    1.41421356E+00
15 16 42    1.00000000E+00
15 17 43    1.00000000E+00
15 18 44    1.00000000E+00
15 19 45    1.00000000E+00
15 23 12    1.00000000E+00
15 30 13    1.00000000E+00
15 36 14    1.00000000E+00
15 41 15    1.41421356E+00
15 42 16    1.00000000E+00
15 43 17    1.00000000E+00
15 44 18    1.00000000E+00
15 45 19    1.00000000E+00
16 1 16    1.00000000E+00
16 2 7    1.00000000E+00
16 7 2    1.00000000E+00
16 11 16    1.41421356E+00
16 12 24    1.00000000E+00
16 13 31    1.00000000E+00
16 14 37    1.00000000E+00
16 15 42    1.00000000E+00
16 16 1    1.00000000E+00
16 16 11    1.41421356E+00
16 16 46    1.41421356E+00
16 17 47    1.00000000E+00
16 18 48    1.00000000E+00
16 19 49    1.00000000E+00
16 24 12    1.00000000E+00
16 31 13    1.00000000E+00
16 37 14    1.00000000E+00
16 42 15    1.00000000E+00
16 46 16    1.41421356E+00
16 47 17    1.00000000E+00
16 48 18    1.00000000E+00
16 49 19    1.00000000E+00
17 1 17    1.00000000E+00
17 2 8    1.00000000E+00
17 8 2    1.00000000E+00
17 11 17    1.41421356E+00
17 12 25    1.00000000E+00
17 13 32    1.00000000E+00
17 14 38    1.00000000E+00
17 15 43    1.00000000E+00
17 16 47    1.00000000E+00
17 17 1    1.00000000E+00
17 17 11    1.41421356E+00
17 17 50    1.41421356E+00
17 18 51    1.00000000E+00
17 19 52    1.00000000E+00
17 25 12    1.00000000E+00
17 32 13    1.00000000E+00
17 38 14    1.00000000E+00
17 43 15    1.00000000E+00
17 47 16    1.00000000E+00
17 50 17    1.41421356E+00
17 51 18    1.00000000E+00
17 52 19    1.00000000E+00
18 1 18    1.00000000E+00
18 2 9    1.00000000E+00
18 9 2    1.00000000E+00
18 11 18    1.41421356E+00
18 12 26    1.00000000E+00
18 13 33    1.00000000E+00
18 14 39    1.00000000E+00
18 15 44    1.00000000E+00
18 16 48    1.00000000E+00
18 17 51    1.00000000E+00
18 18 1    1.00000000E+00
18 18 11    1.41421356E+00
18 18 53    1.41421356E+00
18 19 54    1.00000000E+00
18 26 12    1.00000000E+00
18 33 13    1.00000000E+00
18 39 14    1.00000000E+00
18 44 15    1.00000000E+00
18 48 16    1.00000000E+00
18 51 17    1.00000000E+00
18 53 18    1.41421356E+00
18 54 19    1.00000000E+00
19 1 19    1.00000000E+00
19 2 10    1.00000000E+00
19 10 2    1.00000000E+00
19 11 19    1.41421356E+00
19 12 27    1.00000000E+00
19 13 34    1.00000000E+00
19 14 40    1.00000000E+00
19 15 45    1.00000000E+00
19 16 49    1.00000000E+00
19 17 52    1.00000000E+00
19 18 54    1.00000000E+00
19 19 1    1.00000000E+00
19 19 11    1.41421356E+00
19 19 55    1.41421356E+00
19 27 12    1.00000000E+00
19 34 13    1.00000000E+00
19 40 14    1.00000000E+00
19 45 15    1.00000000E+00
19 49 16    1.00000000E+00
19 52 17    1.00000000E+00
19 54 18    1.00000000E+00
19 55 19    1.41421356E+00
20 1 20    1.00000000E+00
20 3 3    1.41421356E+00
20 12 12    1.41421356E+00
20 20 1    1.00000000E+00
20 20 20    2.82842712E+00
20 21 21    1.41421356E+00
20 22 22    1.41421356E+00
20 23 23    1.41421356E+00
20 24 24    1.41421356E+00
20 25 25    1.41421356E+00
20 26 26    1.41421356E+00
20 27 27    1.41421356E+00
21 1 21    1.00000000E+00
21 3 4    1.00000000E+00
21 4 3    1.00000000E+00
21 12 13    1.00000000E+00
21 13 12    1.00000000E+00
21 20 21    1.41421356E+00
21 21 1    1.00000000E+00
21 21 20    1.41421356E+00
21 21 28    1.41421356E+00
21 22 29    1.00000000E+00
21 23 30    1.00000000E+00
21 24 31    1.00000000E+00
21 25 32    1.00000000E+00
21 26 33    1.00000000E+00
21 27 34    1.00000000E+00
21 28 21    1.41421356E+00
21 29 22    1.00000000E+00
21 30 23    1.00000000E+00
21 31 24    1.00000000E+00
21 32 25    1.00000000E+00
21 33 26    1.00000000E+00
21 34 27    1.00000000E+00
22 1 22    1.00000000E+00
22 3 5    1.00000000E+00
22 5 3    1.00000000E+00
22 12 14    1.00000000E+00
22 14 12    1.00000000E+00
22 20 22    1.41421356E+00
22 21 29    1.00000000E+00
22 22 1    1.00000000E+00
22 22 20    1.41421356E+00
22 22 35    1.41421356E+00
22 23 36    1.00000000E+00
22 24 37    1.00000000E+00
22 25 38    1.00000000E+00
22 26 39    1.00000000E+00
22 27 40    1.00000000E+00
22 29 21    1.00000000E+00
22 35 22    1.41421356E+00
22 36 23    1.00000000E+00
22 37 24    1.00000000E+00
22 38 25    1.00000000E+00
22 39 26    1.00000000E+00
22 40 27    1.00000000E+00
23 1 23    1.00000000E+00
23 3 6    1.00000000E+00
23 6 3    1.00000000E+00
23 12 15    1.00000000E+00
23 15 12    1.00000000E+00
23 20 23    1.41421356E+00
23 21 30    1.00000000E+00
23 22 36    1.00000000E+00
23 23 1    1.00000000E+00
23 23 20    1.41421356E+00
23 23 41    1.41421356E+00
23 24 42    1.00000000E+00
23 25 43    1.00000000E+00
23 26 44    1.00000000E+00
23 27 45    1.00000000E+00
23 30 21    1.00000000E+00
23 36 22    1.00000000E+00
23 41 23    1.41421356E+00
23 42 24    1.00000000E+00
23 43 25    1.00000000E+00
23 44 26    1.00000000E+00
23 45 27    1.00000000E+00
24 1 24    1.00000000E+00
24 3 7    1.00000000E+00
24 7 3    1.00000000E+00
24 12 16    1.00000000E+00
24 16 12    1.00000000E+00
24 20 24    1.41421356E+00
24 21 31    1.00000000E+00
24 22 37    1.00000000E+00
24 23 42    1.00000000E+00
24 24 1    1.00000000E+00
24 24 20    1.41421356E+00
24 24 46    1.41421356E+00
24 25 47    1.00000000E+00
24 26 48    1.00000000E+00
24 27 49    1.00000000E+00
24 31 21    1.00000000E+00
24 37 22    1.00000000E+00
24 42 23    1.00000000E+00
24 46 24    1.41421356E+00
24 47 25    1.00000000E+00
24 48 26    1.00000000E+00
24 49 27    1.00000000E+00
25 1 25    1.00000000E+00
25 3 8    1.00000000E+00
25 8 3    1.00000000E+00
25 12 17    1.00000000E+00
25 17 12    1.00000000E+00
25 20 25    1.41421356E+00
25 21 32    1.00000000E+00
25 22 38    1.00000000E+00
25 23 43    1.00000000E+00
25 24 47    1.00000000E+00
25 25 1    1.00000000E+00
25 25 20    1.41421356E+00
25 25 50    1.41421356E+00
25 26 51    1.00000000E+00
25 27 52    1.00000000E+00
25 32 21    1.00000000E+00
25 38 22    1.00000000E+00
25 43 23    1.00000000E+00
25 47 24    1.00000000E+00
25 50 25    1.41421356E+00
25 51 26    1.00000000E+00
25 52 27    1.00000000E+00
26 1 26    1.00000000E+00
26 3 9    1.00000000E+00
26 9 3    1.00000000E+00
26 12 18    1.00000000E+00
26 18 12    1.00000000E+00
26 20 26    1.41421356E+00
26 21 33    1.00000000E+00
26 22 39    1.00000000E+00
26 23 44    1.00000000E+00
26 24 48    1.00000000E+00
26 25 51    1.00000000E+00
26 26 1    1.00000000E+00
26 26 20    1.41421356E+00
26 26 53    1.41421356E+00
26 27 54    1.00000000E+00
26 33 21    1.00000000E+00
26 39 22    1.00000000E+00
26 44 23    1.00000000E+00
26 48 24    1.00000000E+00
26 51 25    1.00000000E+00
26 53 26    1.41421356E+00
26 54 27    1.00000000E+00
27 1 27    1.00000000E+00
27 3 10    1.00000000E+00
27 10 3    1.00000000E+00
27 12 19    1.00000000E+00
27 19 12    1.00000000E+00
27 20 27    1.41421356E+00
27 21 34    1.00000000E+00
27 22 40    1.00000000E+00
27 23 45    1.00000000E+00
27 24 49    1.00000000E+00
27 25 52    1.00000000E+00
27 26 54    1.00000000E+00
27 27 1    1.00000000E+00
27 27 20    1.41421356E+00
27 27 55    1.41421356E+00
27 34 21    1.00000000E+00
27 40 22    1.00000000E+00
27 45 23    1.00000000E+00
27 49 24    1.00000000E+00
27 52 25    1.00000000E+00
27 54 26    1.00000000E+00
27 55 27    1.41421356E+00
28 1 28    1.00000000E+00
28 4 4    1.41421356E+00
28 13 13    1.41421356E+00
28 21 21    1.41421356E+00
28 28 1    1.00000000E+00
28 28 28    2.82842712E+00
28 29 29    1.41421356E+00
28 30 30    1.41421356E+00
28 31 31    1.41421356E+00
28 32 32    1.41421356E+00
28 33 33    1.41421356E+00
28 34 34    1.41421356E+00
29 1 29    1.00000000E+00
29 4 5    1.00000000E+00
29 5 4    1.00000000E+00
29 13 14    1.00000000E+00
29 14 13    1.00000000E+00
29 21 22    1.00000000E+00
29 22 21    1.00000000E+00
29 28 29    1.41421356E+00
29 29 1    1.00000000E+00
29 29 28    1.41421356E+00
29 29 35    1.41421356E+00
29 30 36    1.00000000E+00
29 31 37    1.00000000E+00
29 32 38    1.00000000E+00
29 33 39    1.00000000E+00
29 34 40    1.00000000E+00
29 35 29    1.41421356E+00
29 36 30    1.00000000E+00
29 37 31    1.00000000E+00
29 38 32    1.00000000E+00
29 39 33    1.00000000E+00
29 40 34    1.00000000E+00
30 1 30    1.00000000E+00
30 4 6    1.00000000E+00
30 6 4    1.00000000E+00
30 13 15    1.00000000E+00
30 15 13    1.00000000E+00
30 21 23    1.00000000E+00
30 23 21    1.00000000E+00
30 28 30    1.41421356E+00
30 29 36    1.00000000E+00
30 30 1    1.00000000E+00
30 30 28    1.41421356E+00
30 30 41    1.41421356E+00
30 31 42    1.00000000E+00
30 32 43    1.00000000E+00
30 33 44    1.00000000E+00
30 34 45    1.00000000E+00
30 36 29    1.00000000E+00
30 41 30    1.41421356E+00
30 42 31    1.00000000E+00
30 43 32    1.00000000E+00
30 44 33    1.00000000E+00
30 45 34    1.00000000E+00
31 1 31    1.00000000E+00
31 4 7    1.00000000E+00
31 7 4    1.00000000E+00
31 13 16    1.00000000E+00
31 16 13    1.00000000E+00
31 21 24    1.00000000E+00
31 24 21    1.00000000E+00
31 28 31    1.41421356E+00
31 29 37    1.00000000E+00
31 30 42    1.00000000E+00
31 31 1    1.00000000E+00
31 31 28    1.41421356E+00
31 31 46    1.41421356E+00
31 32 47    1.00000000E+00
31 33 48    1.00000000E+00
31 34 49    1.00000000E+00
31 37 29    1.00000000E+00
31 42 30    1.00000000E+00
31 46 31    1.41421356E+00
31 47 32    1.00000000E+00
31 48 33    1.00000000E+00
31 49 34    1.00000000E+00
32 1 32    1.00000000E+00
32 4 8    1.00000000E+00
32 8 4    1.00000000E+00
32 13 17    1.00000000E+00
32 17 13    1.00000000E+00
32 21 25    1.00000000E+00
32 25 21    1.00000000E+00
32 28 32    1.41421356E+00
32 29 38    1.00000000E+00
32 30 43    1.00000000E+00
32 31 47    1.00000000E+00
32 32 1    1.00000000E+00
32 32 28    1.41421356E+00
32 32 50    1.41421356E+00
32 33 51    1.00000000E+00
32 34 52    1.00000000E+00
32 38 29    1.00000000E+00
32 43 30    1.00000000E+00
32 47 31    1.00000000E+00
32 50 32    1.41421356E+00
32 51 33    1.00000000E+00
32 52 34    1.00000000E+00
33 1 33    1.00000000E+00
33 4 9    1.00000000E+00
33 9 4    1.00000000E+00
33 13 18    1.00000000E+00
33 18 13    1.00000000E+00
33 21 26    1.00000000E+00
33 26 21    1.00000000E+00
33 28 33    1.41421356E+00
33 29 39    1.00000000E+00
33 30 44    1.00000000E+00
33 31 48    1.00000000E+00
33 32 51    1.00000000E+00
33 33 1    1.00000000E+00
33 33 28    1.41421356E+00
33 33 53    1.41421356E+00
33 34 54    1.00000000E+00
33 39 29    1.00000000E+00
33 44 30    1.00000000E+00
33 48 31    1.00000000E+00
33 51 32    1.00000000E+00
33 53 33    1.41421356E+00
33 54 34    1.00000000E+00
34 1 34    1.00000000E+00
34 4 10    1.00000000E+00
34 10 4    1.00000000E+00
34 13 19    1.00000000E+00
34 19 13    1.00000000E+00
34 21 27    1.00000000E+00
34 27 21    1.00000000E+00
34 28 34    1.41421356E+00
34 29 40    1.00000000E+00
34 30 45    1.00000000E+00
34 31 49    1.00000000E+00
34 32 52    1.00000000E+00
34 33 54    1.00000000E+00
34 34 1    1.00000000E+00
34 34 28    1.41421356E+00
34 34 55    1.41421356E+00
34 40 29    1.00000000E+00
34 45 30    1.00000000E+00
34 49 31    1.00000000E+00
34 52 32    1.00000000E+00
34 54 33    1.00000000E+00
34 55 34    1.41421356E+00
35 1 35    1.00000000E+00
35 5 5    1.41421356E+00
35 14 14    1.41421356E+00
35 22 22    1.41421356E+00
35 29 29    1.41421356E+00
35 35 1    1.00000000E+00
35 35 35    2.82842712E+00
35 36 36    1.41421356E+00
35 37 37    1.41421356E+00
35 38 38    1.41421356E+00
35 39 39    1.41421356E+00
35 40 40    1.41421356E+00
36 1 36    1.00000000E+00
36 5 6    1.00000000E+00
36 6 5    1.00000000E+00
36 14 15    1.00000000E+00
36 15 14    1.00000000E+00
36 22 23    1.00000000E+00
36 23 22    1.00000000E+00
36 29 30    1.00000000E+00
36 30 29    1.00000000E+00
36 35 36    1.41421356E+00
36 36 1    1.00000000E+00
36 36 35    1.41421356E+00
36 36 41    1.41421356E+00
36 37 42    1.00000000E+00
36 38 43    1.00000000E+00
36 39 44    1.00000000E+00
36 40 45    1.00000000E+00
36 41 36    1.41421356E+00
36 42 37    1.00000000E+00
36 43 38    1.00000000E+00
36 44 39    1.00000000E+00
36 45 40    1.00000000E+00
37 1 37    1.00000000E+00
37 5 7    1.00000000E+00
37 7 5    1.00000000E+00
37 14 16    1.00000000E+00
37 16 14    1.00000000E+00
37 22 24    1.00000000E+00
37 24 22    1.00000000E+00
37 29 31    1.00000000E+00
37 31 29    1.00000000E+00
37 35 37    1.41421356E+00
37 36 42    1.00000000E+00
37 37 1    1.00000000E+00
37 37 35    1.41421356E+00
37 37 46    1.41421356E+00
37 38 47    1.00000000E+00
37 39 48    1.00000000E+00
37 40 49    1.00000000E+00
37 42 36    1.00000000E+00
37 46 37    1.41421356E+00
37 47 38    1.00000000E+00
37 48 39    1.00000000E+00
37 49 40    1.00000000E+00
38 1 38    1.00000000E+00
38 5 8    1.00000000E+00
38 8 5    1.00000000E+00
38 14 17    1.00000000E+00
38 17 14    1.00000000E+00
38 22 25    1.00000000E+00
38 25 22    1.00000000E+00
38 29 32    1.00000000E+00
38 32 29    1.00000000E+00
38 35 38    1.41421356E+00
38 36 43    1.00000000E+00
38 37 47    1.00000000E+00
38 38 1    1.00000000E+00
38 38 35    1.41421356E+00
38 38 50    1.41421356E+00
38 39 51    1.00000000E+00
38 40 52    1.00000000E+00
38 43 36    1.00000000E+00
38 47 37    1.00000000E+00
38 50 38    1.41421356E+00
38 51 39    1.00000000E+00
38 52 40    1.00000000E+00
39 1 39    1.00000000E+00
39 5 9    1.00000000E+00
39 9 5    1.00000000E+00
39 14 18    1.00000000E+00
39 18 14    1.00000000E+00
39 22 26    1.00000000E+00
39 26 22    1.00000000E+00
39 29 33    1.00000000E+00
39 33 29    1.00000000E+00
39 35 39    1.41421356E+00
39 36 44    1.00000000E+00
39 37 48    1.00000000E+00
39 38 51    1.00000000E+00
39 39 1    1.00000000E+00
39 39 35    1.41421356E+00
39 39 53    1.41421356E+00
39 40 54    1.00000000E+00
39 44 36    1.00000000E+00
39 48 37    1.00000000E+00
39 51 38    1.00000000E+00
39 53 39    1.41421356E+00
39 54 40    1.00000000E+00
40 1 40    1.00000000E+00
40 5 10    1.00000000E+00
40 10 5    1.00000000E+00
40 14 19    1.00000000E+00
40 19 14    1.00000000E+00
40 22 27    1.00000000E+00
40 27 22    1.00000000E+00
40 29 34    1.00000000E+00
40 34 29    1.00000000E+00
40 35 40    1.41421356E+00
40 36 45    1.00000000E+00
40 37 49    1.00000000E+00
40 38 52    1.00000000E+00
40 39 54    1.00000000E+00
40 40 1    1.00000000E+00
40 40 35    1.41421356E+00
40 40 55    1.41421356E+00
40 45 36    1.00000000E+00
40 49 37    1.00000000E+00
40 52 38    1.00000000E+00
40 54 39    1.00000000E+00
40 55 40    1.41421356E+00
41 1 41    1.00000000E+00
41 6 6    1.41421356E+00
41 15 15    1.41421356E+00
41 23 23    1.41421356E+00
41 30 30    1.41421356E+00
41 36 36    1.41421356E+00
41 41 1    1.00000000E+00
41 41 41    2.82842712E+00
41 42 42    1.41421356E+00
41 43 43    1.41421356E+00
41 44 44    1.41421356E+00
41 45 45    1.41421356E+00
42 1 42    1.00000000E+00
42 6 7    1.00000000E+00
42 7 6    1.00000000E+00
42 15 16    1.00000000E+00
42 16 15    1.00000000E+00
42 23 24    1.00000000E+00
42 24 23    1.00000000E+00
42 30 31    1.00000000E+00
42 31 30    1.00000000E+00
42 36 37    1.00000000E+00
42 37 36    1.00000000E+00
42 41 42    1.41421356E+00
42 42 1    1.00000000E+00
42 42 41    1.41421356E+00
42 42 46    1.41421356E+00
42 43 47    1.00000000E+00
42 44 48    1.00000000E+00
42 45 49    1.00000000E+00
42 46 42    1.41421356E+00
42 47 43    1.00000000E+00
42 48 44    1.00000000E+00
42 49 45    1.00000000E+00
43 1 43    1.00000000E+00
43 6 8    1.00000000E+00
43 8 6    1.00000000E+00
43 15 17    1.00000000E+00
43 17 15    1.00000000E+00
43 23 25    1.00000000E+00
43 25 23    1.00000000E+00
43 30 32    1.00000000E+00
43 32 30    1.00000000E+00
43 36 38    1.00000000E+00
43 38 36    1.00000000E+00
43 41 43    1.41421356E+00
43 42 47    1.00000000E+00
43 43 1    1.00000000E+00
43 43 41    1.41421356E+00
43 43 50    1.41421356E+00
43 44 51    1.00000000E+00
43 45 52    1.00000000E+00
43 47 42    1.00000000E+00
43 50 43    1.41421356E+00
43 51 44    1.00000000E+00
43 52 45    1.00000000E+00
44 1 44    1.00000000E+00
44 6 9    1.00000000E+00
44 9 6    1.00000000E+00
44 15 18    1.00000000E+00
44 18 15    1.00000000E+00
44 23 26    1.00000000E+00
44 26 23    1.00000000E+00
44 30 33    1.00000000E+00
44 33 30    1.00000000E+00
44 36 39    1.00000000E+00
44 39 36    1.00000000E+00
44 41 44    1.41421356E+00
44 42 48    1.00000000E+00
44 43 51    1.00000000E+00
44 44 1    1.00000000E+00
44 44 41    1.41421356E+00
44 44 53    1.41421356E+00
44 45 54    1.00000000E+00
44 48 42    1.00000000E+00
44 51 43    1.00000000E+00
44 53 44    1.41421356E+00
44 54 45    1.00000000E+00
45 1 45    1.00000000E+00
45 6 10    1.00000000E+00
45 10 6    1.00000000E+00
45 15 19    1.00000000E+00
45 19 15    1.00000000E+00
45 23 27    1.00000000E+00
45 27 23    1.00000000E+00
45 30 34    1.00000000E+00
45 34 30    1.00000000E+00
45 36 40    1.00000000E+00
45 40 36    1.00000000E+00
45 41 45    1.41421356E+00
45 42 49    1.00000000E+00
45 43 52    1.00000000E+00
45 44 54    1.00000000E+00
45 45 1    1.00000000E+00
45 45 41    1.41421356E+00
45 45 55    1.41421356E+00
45 49 42    1.00000000E+00
45 52 43    1.00000000E+00
45 54 44    1.00000000E+00
45 55 45    1.41421356E+00
46 1 46    1.00000000E+00
46 7 7    1.41421356E+00
46 16 16    1.41421356E+00
46 24 24    1.41421356E+00
46 31 31    1.41421356E+00
46 37 37    1.41421356E+00
46 42 42    1.41421356E+00
46 46 1    1.00000000E+00
46 46 46    2.82842712E+00
46 47 47    1.41421356E+00
46 48 48    1.41421356E+00
46 49 49    1.41421356E+00
47 1 47    1.00000000E+00
47 7 8    1.00000000E+00
47 8 7    1.00000000E+00
47 16 17    1.00000000E+00
47 17 16    1.00000000E+00
47 24 25    1.00000000E+00
47 25 24    1.00000000E+00
47 31 32    1.00000000E+00
47 32 31    1.00000000E+00
47 37 38    1.00000000E+00
47 38 37    1.00000000E+00
47 42 43    1.00000000E+00
47 43 42    1.00000000E+00
47 46 47    1.41421356E+00
47 47 1    1.00000000E+00
47 47 46    1.41421356E+00
47 47 50    1.41421356E+00
47 48 51    1.00000000E+00
47 49 52    1.00000000E+00
47 50 47    1.41421356E+00
47 51 48    1.00000000E+00
47 52 49    1.00000000E+00
48 1 48    1.00000000E+00
48 7 9    1.00000000E+00
48 9 7    1.00000000E+00
48 16 18    1.00000000E+00
48 18 16    1.00000000E+00
48 24 26    1.00000000E+00
48 26 24    1.00000000E+00
48 31 33    1.00000000E+00
48 33 31    1.00000000E+00
48 37 39    1.00000000E+00
48 39 37    1.00000000E+00
48 42 44    1.00000000E+00
48 44 42    1.00000000E+00
48 46 48    1.41421356E+00
48 47 51    1.00000000E+00
48 48 1    1.00000000E+00
48 48 46    1.41421356E+00
48 48 53    1.41421356E+00
48 49 54    1.00000000E+00
48 51 47    1.00000000E+00
48 53 48    1.41421356E+00
48 54 49    1.00000000E+00
49 1 49    1.00000000E+00
49 7 10    1.00000000E+00
49 10 7    1.00000000E+00
49 16 19    1.00000000E+00
49 19 16    1.00000000E+00
49 24 27    1.00000000E+00
49 27 24    1.00000000E+00
49 31 34    1.00000000E+00
49 34 31    1.00000000E+00
49 37 40    1.00000000E+00
49 40 37    1.00000000E+00
49 42 45    1.00000000E+00
49 45 42    1.00000000E+00
49 46 49    1.41421356E+00
49 47 52    1.00000000E+00
49 48 54    1.00000000E+00
49 49 1    1.00000000E+00
49 49 46    1.41421356E+00
49 49 55    1.41421356E+00
49 52 47    1.00000000E+00
49 54 48    1.00000000E+00
49 55 49    1.41421356E+00
50 1 50    1.00000000E+00
50 8 8    1.41421356E+00
50 17 17    1.41421356E+00
50 25 25    1.41421356E+00
50 32 32    1.41421356E+00
50 38 38    1.41421356E+00
50 43 43    1.41421356E+00
50 47 47    1.41421356E+00
50 50 1    1.00000000E+00
50 50 50    2.82842712E+00
50 51 51    1.41421356E+00
50 52 52    1.41421356E+00
51 1 51    1.00000000E+00
51 8 9    1.00000000E+00
51 9 8    1.00000000E+00
51 17 18    1.00000000E+00
51 18 17    1.00000000E+00
51 25 26    1.00000000E+00
51 26 25    1.00000000E+00
51 32 33    1.00000000E+00
51 33 32    1.00000000E+00
51 38 39    1.00000000E+00
51 39 38    1.00000000E+00
51 43 44    1.00000000E+00
51 44 43    1.00000000E+00
51 47 48    1.00000000E+00
51 48 47    1.00000000E+00
51 50 51    1.41421356E+00
51 51 1    1.00000000E+00
51 51 50    1.41421356E+00
51 51 53    1.41421356E+00
51 52 54    1.00000000E+00
51 53 51    1.41421356E+00
51 54 52    1.00000000E+00
52 1 52    1.00000000E+00
52 8 10    1.00000000E+00
52 10 8    1.00000000E+00
52 17 19    1.00000000E+00
52 19 17    1.00000000E+00
52 25 27    1.00000000E+00
52 27 25    1.00000000E+00
52 32 34    1.00000000E+00
52 34 32    1.00000000E+00
52 38 40    1.00000000E+00
52 40 38    1.00000000E+00
52 43 45    1.00000000E+00
52 45 43    1.00000000E+00
52 47 49    1.00000000E+00
52 49 47    1.00000000E+00
52 50 52    1.41421356E+00
52 51 54    1.00000000E+00
52 52 1    1.00000000E+00
52 52 50    1.41421356E+00
52 52 55    1.41421356E+00
52 54 51    1.00000000E+00
52 55 52    1.41421356E+00
53 1 53    1.00000000E+00
53 9 9    1.41421356E+00
53 18 18    1.41421356E+00
53 26 26    1.41421356E+00
53 33 33    1.41421356E+00
53 39 39    1.41421356E+00
53 44 44    1.41421356E+00
53 48 48    1.41421356E+00
53 51 51    1.41421356E+00
53 53 1    1.00000000E+00
53 53 53    2.82842712E+00
53 54 54    1.41421356E+00
54 1 54    1.00000000E+00
54 9 10    1.00000000E+00
54 10 9    1.00000000E+00
54 18 19    1.00000000E+00
54 19 18    1.00000000E+00
54 26 27    1.00000000E+00
54 27 26    1.00000000E+00
54 33 34    1.00000000E+00
54 34 33    1.00000000E+00
54 39 40    1.00000000E+00
54 40 39    1.00000000E+00
54 44 45    1.00000000E+00
54 45 44    1.00000000E+00
54 48 49    1.00000000E+00
54 49 48    1.00000000E+00
54 51 52    1.00000000E+00
54 52 51    1.00000000E+00
54 53 54    1.41421356E+00
54 54 1    1.00000000E+00
54 54 53    1.41421356E+00
54 54 55    1.41421356E+00
54 55 54    1.41421356E+00
55 1 55    1.00000000E+00
55 10 10    1.41421356E+00
55 19 19    1.41421356E+00
55 27 27    1.41421356E+00
55 34 34    1.41421356E+00
55 40 40    1.41421356E+00
55 45 45    1.41421356E+00
55 49 49    1.41421356E+00
55 52 52    1.41421356E+00
55 54 54    1.41421356E+00
55 55 1    1.00000000E+00
55 55 55    2.82842712E+00
