131
1 1 1    1.00000000E+00
1 2 2    1.00000000E+00
1 3 3    1.00000000E+00
1 4 4    1.00000000E+00
1 5 5    1.00000000E+00
1 6 6    1.00000000E+00
1 7 7    1.00000000E+00
1 8 8    1.00000000E+00
1 9 9    1.00000000E+00
1 10 10    1.00000000E+00
1 11 11    1.00000000E+00
1 12 12    1.00000000E+00
1 13 13    1.00000000E+00
1 14 14    1.00000000E+00
1 15 15    1.00000000E+00
2 1 2    1.00000000E+00
2 2 1    1.00000000E+00
2 2 4    1.41421356E+00
2 3 5    1.00000000E+00
2 4 2    1.41421356E+00
2 4 7    1.73205081E+00
2 5 3    1.00000000E+00
2 5 8    1.41421356E+00
2 6 9    1.00000000E+00
2 7 4    1.73205081E+00
2 7 11    2.00000000E+00
2 8 5    1.41421356E+00
2 8 12    1.73205081E+00
2 9 6    1.00000000E+00
2 9 13    1.41421356E+00
2 10 14    1.00000000E+00
2 11 7    2.00000000E+00
2 12 8    1.73205081E+00
2 13 9    1.41421356E+00
2 14 10    1.00000000E+00
3 1 3    1.00000000E+00
3 2 5    1.00000000E+00
3 3 1    1.00000000E+00
3 3 6    1.41421356E+00
3 4 8    1.00000000E+00
3 5 2    1.00000000E+00
3 5 9    1.41421356E+00
3 6 3    1.41421356E+00
3 6 10    1.73205081E+00
3 7 12    1.00000000E+00
3 8 4    1.00000000E+00
3 8 13    1.41421356E+00
3 9 5    1.41421356E+00
3 9 14    1.73205081E+00
3 10 6    1.73205081E+00
3 10 15    2.00000000E+00
3 12 7    1.00000000E+00
3 13 8    1.41421356E+00
3 14 9    1.73205081E+00
3 15 10    2.00000000E+00
4 1 4    1.00000000E+00
4 2 2    1.41421356E+00
4 2 7    1.73205081E+00
4 3 8    1.00000000E+00
4 4 1    1.00000000E+00
4 4 4    2.82842712E+00
4 4 11    2.44948974E+00
4 5 5    1.41421356E+00
4 5 12    1.73205081E+00
4 6 13    1.00000000E+00
4 7 2    1.73205081E+00
4 7 7    4.24264069E+00
4 8 3    1.00000000E+00
4 8 8    2.82842712E+00
4 9 9    1.41421356E+00
4 11 4    2.44948974E+00
4 11 11    5.65685425E+00
4 12 5    1.73205081E+00
4 12 12    4.24264069E+00
4 13 6    1.00000000E+00
4 13 13    2.82842712E+00
4 14 14    1.41421356E+00
5 1 5    1.00000000E+00
5 2 3    1.00000000E+00
5 2 8    1.41421356E+00
5 3 2    1.00000000E+00
5 3 9    1.41421356E+00
5 4 5    1.41421356E+00
5 4 12    1.73205081E+00
5 5 1    1.00000000E+00
5 5 4    1.41421356E+00
5 5 6    1.41421356E+00
5 5 13    2.00000000E+00
5 6 5    1.41421356E+00
5 6 14    1.73205081E+00
5 7 8    1.73205081E+00
5 8 2    1.41421356E+00
5 8 7    1.73205081E+00
5 8 9    2.00000000E+00
5 9 3    1.41421356E+00
5 9 8    2.00000000E+00
5 9 10    1.73205081E+00
5 10 9    1.73205081E+00
5 11 12    2.00000000E+00
5 12 4    1.73205081E+00
5 12 11    2.00000000E+00
5 12 13    2.44948974E+00
5 13 5    2.00000000E+00
5 13 12    2.44948974E+00
5 13 14    2.44948974E+00
5 14 6    1.73205081E+00
5 14 13    2.44948974E+00
5 14 15    2.00000000E+00
5 15 14    2.00000000E+00
6 1 6    1.00000000E+00
6 2 9    1.00000000E+00
6 3 3    1.41421356E+00
6 3 10    1.73205081E+00
6 4 13    1.00000000E+00
6 5 5    1.41421356E+00
6 5 14    1.73205081E+00
6 6 1    1.00000000E+00
6 6 6    2.82842712E+00
6 6 15    2.44948974E+00
6 8 8    1.41421356E+00
6 9 2    1.00000000E+00
6 9 9    2.82842712E+00
6 10 3    1.73205081E+00
6 10 10    4.24264069E+00
6 12 12    1.41421356E+00
6 13 4    1.00000000E+00
6 13 13    2.82842712E+00
6 14 5    1.73205081E+00
6 14 14    4.24264069E+00
6 15 6    2.44948974E+00
6 15 15    5.65685425E+00
