76
1 1 1    1.00000000E+00
1 2 2    1.00000000E+00
1 3 3    1.00000000E+00
1 4 4    1.00000000E+00
1 5 5    1.00000000E+00
1 6 6    1.00000000E+00
1 7 7    1.00000000E+00
1 8 8    1.00000000E+00
1 9 9    1.00000000E+00
1 10 10    1.00000000E+00
2 1 2    1.00000000E+00
2 2 1    1.00000000E+00
2 2 4    1.41421356E+00
2 3 5    1.00000000E+00
2 4 2    1.41421356E+00
2 4 7    1.73205081E+00
2 5 3    1.00000000E+00
2 5 8    1.41421356E+00
2 6 9    1.00000000E+00
2 7 4    1.73205081E+00
2 8 5    1.41421356E+00
2 9 6    1.00000000E+00
3 1 3    1.00000000E+00
3 2 5    1.00000000E+00
3 3 1    1.00000000E+00
3 3 6    1.41421356E+00
3 4 8    1.00000000E+00
3 5 2    1.00000000E+00
3 5 9    1.41421356E+00
3 6 3    1.41421356E+00
3 6 10    1.73205081E+00
3 8 4    1.00000000E+00
3 9 5    1.41421356E+00
3 10 6    1.73205081E+00
4 1 4    1.00000000E+00
4 2 2    1.41421356E+00
4 2 7    1.73205081E+00
4 3 8    1.00000000E+00
4 4 1    1.00000000E+00
4 4 4    2.82842712E+00
4 5 5    1.41421356E+00
4 7 2    1.73205081E+00
4 7 7    4.24264069E+00
4 8 3    1.00000000E+00
4 8 8    2.82842712E+00
4 9 9    1.41421356E+00
5 1 5    1.00000000E+00
5 2 3    1.00000000E+00
5 2 8    1.41421356E+00
5 3 2    1.00000000E+00
5 3 9    1.41421356E+00
5 4 5    1.41421356E+00
5 5 1    1.00000000E+00
5 5 4    1.41421356E+00
5 5 6    1.41421356E+00
5 6 5    1.41421356E+00
5 7 8    1.73205081E+00
5 8 2    1.41421356E+00
5 8 7    1.73205081E+00
5 8 9    2.00000000E+00
5 9 3    1.41421356E+00
5 9 8    2.00000000E+00
5 9 10    1.73205081E+00
5 10 9    1.73205081E+00
6 1 6    1.00000000E+00
6 2 9    1.00000000E+00
6 3 3    1.41421356E+00
6 3 10    1.73205081E+00
6 5 5    1.41421356E+00
6 6 1    1.00000000E+00
6 6 6    2.82842712E+00
6 8 8    1.41421356E+00
6 9 2    1.00000000E+00
6 9 9    2.82842712E+00
6 10 3    1.73205081E+00
6 10 10    4.24264069E+00
